0 0.10546875 0.1578125 0.2109375 0.115625
0 0.140625 0.07421875 0.1640625 0.1453125
0 0.025 0.1078125 0.05 0.053125
0 0.01015625 0.2765625 0.0203125 0.021875
0 0.15 0.31015625 0.040625 0.0171875
0 0.21796875 0.2546875 0.0359375 0.0203125
0 0.4015625 0.11640625 0.0578125 0.0421875
0 0.62421875 0.084375 0.1890625 0.15625
0 0.328125 0.1609375 0.040625 0.025
0 0.25859375 0.13046875 0.0421875 0.0265625
0 0.3515625 0.20234375 0.0625 0.03125
0 0.44140625 0.14609375 0.0640625 0.0265625
0 0.565625 0.1921875 0.0359375 0.028125
0 0.63125 0.190625 0.0359375 0.01875
0 0.6796875 0.2265625 0.0359375 0.0265625
0 0.49921875 0.1125 0.0296875 0.01875
0 0.88359375 0.0921875 0.2328125 0.184375
0 0.88984375 0.2234375 0.2203125 0.190625
0 0.26015625 0.33125 0.1203125 0.025
0 0.03125 0.33984375 0.0625 0.0421875
0 0.46171875 0.33515625 0.1390625 0.0328125
0 0.225 0.39296875 0.046875 0.0453125
0 0.228125 0.48359375 0.1296875 0.0515625
0 0.01171875 0.54609375 0.0234375 0.0640625
0 0.20234375 0.63828125 0.053125 0.0640625
0 0.21171875 0.571875 0.0859375 0.071875
0 0.359375 0.58046875 0.0890625 0.0875
0 0.371875 0.6765625 0.075 0.0671875
0 0.45546875 0.74765625 0.075 0.05625
0 0.49296875 0.77890625 0.0671875 0.0546875
0 0.5796875 0.8140625 0.0875 0.04375
0 0.61171875 0.89765625 0.0625 0.0828125
0 0.41953125 0.634375 0.040625 0.0390625
0 0.55078125 0.64921875 0.084375 0.0484375
0 0.2921875 0.89453125 0.0703125 0.065625
0 0.0828125 0.82734375 0.08125 0.084375
0 0.28359375 0.703125 0.0546875 0.040625
0 0.3015625 0.61875 0.0375 0.04375
0 0.68046875 0.92109375 0.0765625 0.0953125
0 0.646875 0.6046875 0.0625 0.0625
0 0.559375 0.60859375 0.065625 0.0609375
0 0.58671875 0.33984375 0.0578125 0.0421875
0 0.6453125 0.32890625 0.0625 0.0203125
0 0.23203125 0.35859375 0.0875 0.0359375
0 0.571875 0.4890625 0.10625 0.09375
0 0.69765625 0.3921875 0.0421875 0.053125
0 0.69765625 0.66953125 0.0421875 0.0484375
0 0.5984375 0.6875 0.053125 0.053125
0 0.65390625 0.75390625 0.053125 0.034375
0 0.69296875 0.7828125 0.0515625 0.03125
0 0.340625 0.478125 0.0390625 0.03125
0 0.4171875 0.4703125 0.1015625 0.0453125
0 0.59296875 0.4375 0.1421875 0.0609375
0 0.66015625 0.85078125 0.0828125 0.0703125
0 0.509375 0.3921875 0.0765625 0.0359375
0 0.69375 0.57109375 0.03125 0.0359375
0 0.62265625 0.65 0.0453125 0.040625
0 0.93671875 0.3734375 0.1265625 0.109375
0 0.96171875 0.484375 0.0765625 0.33125
0 0.78984375 0.3953125 0.1421875 0.153125
0 0.8953125 0.5265625 0.19375 0.415625
0 0.846875 0.86015625 0.25625 0.2796875