0 0.3625 0.28125 0.190625 0.1140625
0 0.15 0.05546875 0.125 0.0578125
0 0.05390625 0.0671875 0.0734375 0.046875
0 0.40078125 0.16953125 0.1015625 0.0625
0 0.08359375 0.2875 0.0359375 0.0375
0 0.0296875 0.36640625 0.059375 0.0328125
0 0.49609375 0.365625 0.2953125 0.06875
0 0.64609375 0.2453125 0.0734375 0.0375
0 0.51484375 0.2703125 0.0453125 0.0296875
0 0.48984375 0.02421875 0.0578125 0.0359375
0 0.2 0.0109375 0.05 0.021875
0 0.26640625 0.171875 0.0421875 0.0265625
0 0.35390625 0.125 0.053125 0.034375
0 0.54375 0.328125 0.059375 0.034375
0 0.665625 0.33828125 0.040625 0.0234375
0 0.5953125 0.36953125 0.06875 0.040625
0 0.76640625 0.0171875 0.0546875 0.034375
0 0.6140625 0.2875 0.065625 0.025
0 0.81796875 0.26953125 0.0171875 0.1203125
0 0.8625 0.0953125 0.0625 0.10625
0 0.940625 0.22578125 0.090625 0.1578125
0 0.946875 0.36640625 0.10625 0.0671875
0 0.93515625 0.0203125 0.0296875 0.040625
0 0.88515625 0.0140625 0.0265625 0.028125
0 0.7421875 0.50625 0.08125 0.03125
0 0.80078125 0.63828125 0.0171875 0.0328125
0 0.54140625 0.41796875 0.053125 0.0359375
0 0.409375 0.93125 0.190625 0.1125
0 0.196875 0.70546875 0.125 0.0578125
0 0.10078125 0.7171875 0.075 0.0453125
0 0.44765625 0.81953125 0.1015625 0.0625
0 0.13046875 0.9375 0.0359375 0.0375
0 0.69296875 0.8953125 0.0734375 0.0375
0 0.56171875 0.9203125 0.0453125 0.028125
0 0.53671875 0.67421875 0.0578125 0.0359375
0 0.246875 0.6609375 0.05 0.021875
0 0.31328125 0.821875 0.0421875 0.0265625
0 0.40078125 0.775 0.053125 0.034375
0 0.01171875 0.60234375 0.0234375 0.0265625
0 0.590625 0.978125 0.059375 0.034375
0 0.7125 0.9875 0.040625 0.025
0 0.6609375 0.9375 0.065625 0.025
0 0.84453125 0.6046875 0.0703125 0.190625