0 0.06328125 0.06875 0.0671875 0.025
0 0.2921875 0.1265625 0.053125 0.1625
0 0.234375 0.10078125 0.0484375 0.0296875
0 0.315625 0.32578125 0.00625 0.0171875
0 0.00546875 0.39296875 0.0109375 0.0234375
0 0.08671875 0.4296875 0.0484375 0.01875
0 0.38203125 0.01640625 0.1109375 0.0328125
0 0.56171875 0.065625 0.0671875 0.025
0 0.8515625 0.12421875 0.1734375 0.1640625
0 0.92890625 0.08359375 0.0359375 0.0234375
0 0.32265625 0.2109375 0.0078125 0.03125
0 0.7328125 0.09765625 0.0484375 0.0296875
0 0.825 0.32265625 0.0265625 0.0171875
0 0.9 0.2890625 0.03125 0.01875
0 0.45390625 0.28046875 0.03125 0.0296875
0 0.85625 0.01953125 0.09375 0.03125
0 0.346875 0.10859375 0.01875 0.0234375
0 0.34296875 0.05546875 0.0328125 0.03125
0 0.49140625 0.390625 0.0359375 0.025
0 0.58515625 0.428125 0.0484375 0.021875
0 0.42890625 0.37890625 0.053125 0.0265625
0 0.4109375 0.1734375 0.0359375 0.025
0 0.21328125 0.6 0.2109375 0.15625
0 0.20703125 0.95234375 0.10625 0.04375
0 0.1671875 0.884375 0.10625 0.0578125
0 0.02578125 0.66171875 0.0515625 0.0265625
0 0.14375 0.7078125 0.0359375 0.028125
0 0.309375 0.96875 0.01875 0.03125
0 0.209375 0.70625 0.0359375 0.0203125
0 0.2578125 0.7421875 0.0375 0.028125
0 0.07734375 0.628125 0.0296875 0.01875
0 0.3890625 0.73828125 0.140625 0.4046875
0 0.6875 0.6640625 0.3125 0.45