0 0.465625 0.10625 0.190625 0.1140625
0 0.503125 0.0125 0.1 0.025
0 0.18671875 0.1125 0.0359375 0.0375
0 0.13046875 0.1921875 0.0640625 0.034375
0 0.03359375 0.21796875 0.0671875 0.0453125
0 0.53515625 0.22578125 0.1671875 0.1390625
0 0.60703125 0.09453125 0.0234375 0.0296875
0 0.36875 0.0046875 0.04375 0.009375
0 0.428125 0.29609375 0.053125 0.0109375
0 0.9296875 0.23984375 0.140625 0.4796875
0 0.709375 0.37578125 0.18125 0.2078125
0 0.08984375 0.72421875 0.1796875 0.2265625
0 0.20625 0.61484375 0.096875 0.2703125
0 0.31328125 0.63203125 0.2015625 0.3046875
0 0.3578125 0.61171875 0.121875 0.2640625
0 0.16484375 0.88203125 0.2359375 0.2359375
0 0.5 0.8078125 0.2140625 0.23125
0 0.5859375 0.60234375 0.065625 0.1921875
0 0.0875 0.5265625 0.175 0.09375
0 0.80390625 0.62890625 0.1171875 0.0796875
0 0.83203125 0.5390625 0.3359375 0.11875
0 0.66328125 0.53125 0.0890625 0.103125
0 0.74921875 0.92265625 0.0546875 0.04375
0 0.97421875 0.74609375 0.0515625 0.0703125
0 0.93359375 0.79140625 0.0328125 0.0265625