0 0.8640625 0.1625 0.0828125 0.03125
0 0.9546875 0.2953125 0.0796875 0.0328125
0 0.66328125 0.07421875 0.053125 0.0359375
0 0.53125 0.5875 0.190625 0.1140625
0 0.31875 0.36171875 0.125 0.0578125
0 0.22265625 0.3734375 0.075 0.0453125
0 0.56953125 0.47578125 0.1015625 0.0625
0 0.25234375 0.59375 0.0359375 0.0359375
0 0.19609375 0.6734375 0.0640625 0.034375
0 0.07109375 0.69921875 0.125 0.0453125
0 0.665625 0.7078125 0.2953125 0.1390625
0 0.87734375 0.7609375 0.071875 0.0390625
0 0.81484375 0.5515625 0.075 0.0390625
0 0.68359375 0.5765625 0.0453125 0.028125
0 0.65859375 0.33046875 0.0578125 0.0359375
0 0.54296875 0.83671875 0.0484375 0.034375
0 0.03125 0.77890625 0.0453125 0.0265625
0 0.36875 0.3171875 0.0515625 0.021875
0 0.43515625 0.478125 0.04375 0.0265625
0 0.52265625 0.43125 0.053125 0.034375
0 0.13359375 0.259375 0.025 0.0265625
0 0.1 0.3640625 0.028125 0.0359375
0 0.47578125 0.87265625 0.0515625 0.0203125
0 0.49765625 0.77734375 0.0578125 0.0125
0 0.7125 0.634375 0.059375 0.034375
0 0.834375 0.64453125 0.040625 0.025
0 0.7640625 0.67578125 0.0703125 0.040625
0 0.921875 0.859375 0.03125 0.025
0 0.53515625 0.98828125 0.0203125 0.0125
0 0.8578125 0.0265625 0.065625 0.0359375
0 0.053125 0.5953125 0.0359375 0.0203125
0 0.7828125 0.59375 0.065625 0.025