0 0.46171875 0.20625 0.0359375 0.0375
0 0.415625 0.2375 0.0359375 0.034375
0 0.25859375 0.290625 0.0640625 0.115625
0 0.44453125 0.44140625 0.1921875 0.0546875
0 0.47890625 0.00546875 0.0484375 0.0109375
0 0.528125 0.1078125 0.040625 0.034375
0 0.559375 0.4640625 0.05 0.009375
0 0.31484375 0.27734375 0.053125 0.0453125
0 0.56875 0.27109375 0.034375 0.0328125
0 0.21171875 0.2046875 0.0359375 0.04375
0 0.10625 0.13046875 0.034375 0.0296875
0 0.234375 0.1015625 0.028125 0.01875
0 0.28828125 0.04296875 0.0234375 0.021875
0 0.3640625 0.08203125 0.0140625 0.0140625
0 0.36640625 0.15546875 0.03125 0.0265625
0 0.34765625 0.22265625 0.03125 0.0296875
0 0.31953125 0.18828125 0.0296875 0.0265625
0 0.57421875 0.40859375 0.0296875 0.0296875
0 0.146875 0.29140625 0.028125 0.0234375
0 0.09375 0.1625 0.028125 0.021875
0 0.0140625 0.09140625 0.028125 0.0296875
0 0.1359375 0.084375 0.025 0.028125
0 0.53203125 0.00625 0.0234375 0.0125
0 0.24140625 0.15234375 0.021875 0.025
0 0.246875 0.00625 0.0171875 0.0125
0 0.459375 0.12890625 0.090625 0.0265625
0 0.26796875 0.1390625 0.0265625 0.021875
0 0.0515625 0.20859375 0.0296875 0.025
0 0.02265625 0.21328125 0.03125 0.021875
0 0.00703125 0.125 0.0140625 0.034375
0 0.00703125 0.1703125 0.0140625 0.025
0 0.94921875 0.234375 0.1015625 0.46875
0 0.821875 0.08515625 0.35625 0.1703125
0 0.2984375 0.93359375 0.146875 0.1328125
0 0.46484375 0.98046875 0.0296875 0.0234375
0 0.21328125 0.9859375 0.0453125 0.028125
0 0.65625 0.8875 0.134375 0.190625
0 0.74375 0.6609375 0.0578125 0.040625
0 0.8046875 0.53515625 0.0484375 0.034375
0 0.88203125 0.9390625 0.0578125 0.034375