0 0.0296875 0.34296875 0.059375 0.1140625
0 0.0265625 0.23125 0.053125 0.0625
0 0.1234375 0.421875 0.246875 0.05625
0 0.24921875 0.3078125 0.0734375 0.0375
0 0.11796875 0.3328125 0.0453125 0.028125
0 0.09296875 0.08671875 0.0578125 0.0359375
0 0.146875 0.390625 0.059375 0.034375
0 0.26875 0.40078125 0.040625 0.025
0 0.19765625 0.43046875 0.0703125 0.0390625
0 0.2171875 0.35 0.065625 0.025
0 0.3921875 0.05 0.125 0.1
0 0.553125 0.06875 0.196875 0.1375
0 0.796875 0.075 0.21875 0.15
0 0.8359375 0.23515625 0.23125 0.1828125
0 0.81015625 0.38515625 0.2046875 0.1296875
0 0.59609375 0.4234375 0.2015625 0.053125
0 0.42890625 0.35390625 0.1984375 0.1921875
0 0.59375 0.23125 0.225 0.16875
0 0.3625 0.1859375 0.065625 0.14375
0 0.1125 0.80859375 0.225 0.2390625
0 0.09453125 0.95625 0.1859375 0.0875
0 0.29765625 0.684375 0.0640625 0.23125
0 0.275 0.5125 0.109375 0.125
0 0.1796875 0.6 0.3 0.1875
0 0.02890625 0.59921875 0.0578125 0.1609375
0 0.51953125 0.49765625 0.2421875 0.0953125
0 0.59609375 0.6734375 0.1921875 0.253125
0 0.39453125 0.64140625 0.1296875 0.2828125
0 0.475 0.89921875 0.24375 0.2015625
0 0.7859375 0.509375 0.271875 0.11875
0 0.8125 0.8015625 0.221875 0.259375
0 0.9296875 0.75390625 0.140625 0.2515625
0 0.95625 0.53359375 0.0875 0.1671875