0 0.153125 0.23046875 0.1734375 0.1640625
0 0.23046875 0.18984375 0.0359375 0.0234375
0 0.01015625 0.053125 0.0203125 0.01875
0 0.034375 0.20390625 0.0484375 0.0296875
0 0.1265625 0.42890625 0.0265625 0.0171875
0 0.2015625 0.3953125 0.03125 0.01875
0 0.1578125 0.12578125 0.09375 0.03125
0 0.4375 0.1703125 0.146875 0.1515625
0 0.3671875 0.15078125 0.015625 0.0765625
0 0.453125 0.07265625 0.1875 0.1453125
0 0.93359375 0.11015625 0.1328125 0.146875
0 0.9328125 0.16328125 0.08125 0.1078125
0 0.9890625 0.178125 0.021875 0.06875
0 0.6796875 0.3078125 0.640625 0.503125
0 0.23984375 0.79296875 0.1859375 0.1703125
0 0.17890625 0.5921875 0.2296875 0.065625
0 0.30390625 0.56640625 0.0453125 0.0140625
0 0.575 0.8265625 0.43125 0.346875