0 0.0390625 0.225 0.078125 0.109375
0 0.0359375 0.115625 0.071875 0.0625
0 0.26796875 0.1921875 0.0734375 0.0375
0 0.13671875 0.2171875 0.0453125 0.0296875
0 0.16484375 0.26875 0.0609375 0.021875
0 0.2875 0.27578125 0.040625 0.0078125
0 0.2359375 0.234375 0.065625 0.025
0 0.90703125 0.0953125 0.053125 0.05625
0 0.853125 0.22734375 0.075 0.0578125
0 0.4984375 0.03984375 0.0828125 0.0546875
0 0.0859375 0.71484375 0.171875 0.2953125
0 0.153125 0.91875 0.209375 0.1625
0 0.32734375 0.82109375 0.2046875 0.3578125
0 0.3328125 0.47734375 0.2125 0.2984375
0 0.8140625 0.4984375 0.3 0.221875
0 0.5890625 0.5609375 0.2125 0.184375
0 0.4625 0.4125 0.046875 0.14375
0 0.7015625 0.3375 0.525 0.115625
0 0.95546875 0.46484375 0.0890625 0.2328125
0 0.91875 0.56640625 0.1625 0.1265625
0 0.9484375 0.65703125 0.103125 0.1734375
0 0.9625 0.75859375 0.075 0.1703125
0 0.63671875 0.74921875 0.3953125 0.2859375
0 0.88046875 0.3046875 0.2390625 0.05
0 0.89296875 0.89453125 0.2140625 0.1703125
0 0.71484375 0.95390625 0.2265625 0.0921875
0 0.5234375 0.9125 0.16875 0.175