0 0.32421875 0.0484375 0.1734375 0.096875
0 0.2984375 0.21484375 0.025 0.0171875
0 0.3734375 0.18125 0.03125 0.0171875
0 0.059375 0.32890625 0.046875 0.0390625
0 0.0796875 0.43828125 0.05 0.0296875
0 0.8015625 0.0609375 0.225 0.121875
0 0.871875 0.2734375 0.2046875 0.2625
0 0.615625 0.08359375 0.071875 0.1671875
0 0.67109375 0.3421875 0.1828125 0.253125
0 0.05390625 0.5921875 0.1078125 0.246875
0 0.23125 0.5921875 0.225 0.246875
0 0.46640625 0.5921875 0.2265625 0.246875
0 0.46796875 0.87734375 0.2234375 0.2453125
0 0.23515625 0.8765625 0.2234375 0.246875
0 0.0546875 0.87578125 0.109375 0.2484375
0 0.90234375 0.5921875 0.1953125 0.246875
0 0.81171875 0.94296875 0.3078125 0.1140625