0 0.10859375 0.159375 0.0359375 0.0375
0 0.0625 0.190625 0.0359375 0.034375
0 0.09375 0.46640625 0.1875 0.1984375
0 0.0390625 0.65703125 0.0578125 0.0703125
0 0.16875 0.71796875 0.0375 0.0390625
0 0.5296875 0.03046875 0.078125 0.0609375
0 0.40078125 0.0109375 0.0421875 0.021875
0 0.29609375 0.05703125 0.0359375 0.034375
0 0.175 0.0609375 0.040625 0.034375
0 0.26953125 0.36875 0.0328125 0.0359375
0 0.20703125 0.4296875 0.0515625 0.034375
0 0.53515625 0.36015625 0.0265625 0.021875
0 0.215625 0.22421875 0.0328125 0.034375
0 0.0109375 0.03515625 0.0140625 0.0140625
0 0.0140625 0.10859375 0.028125 0.0265625
0 0.0046875 0.175 0.009375 0.028125
0 0.225 0.3625 0.0359375 0.0296875
0 0.3046875 0.34296875 0.0265625 0.021875
0 0.4296875 0.753125 0.0375 0.021875
0 0.528125 0.196875 0.028125 0.028125
0 0.41484375 0.30078125 0.0296875 0.0203125
0 0.3359375 0.340625 0.025 0.015625
0 0.1734375 0.6546875 0.025 0.028125
0 0.3140625 0.66875 0.028125 0.028125
0 0.25859375 0.4296875 0.021875 0.028125
0 0.4546875 0.59765625 0.025 0.0203125
0 0.46796875 0.73828125 0.0265625 0.03125
0 0.10625 0.08203125 0.090625 0.0265625
0 0.75 0.55859375 0.3625 0.4515625
0 0.88828125 0.3484375 0.1671875 0.165625
0 0.93828125 0.22890625 0.1234375 0.2671875
0 0.95546875 0.52890625 0.0890625 0.1359375
0 0.93203125 0.69921875 0.1359375 0.3390625
0 0.72578125 0.19140625 0.3140625 0.1921875
0 0.46640625 0.934375 0.2046875 0.13125
0 0.2640625 0.934375 0.334375 0.13125
0 0.64609375 0.934375 0.1546875 0.13125
0 0.90546875 0.934375 0.1890625 0.13125