0 0.053125 0.4484375 0.10625 0.0625
0 0.2046875 0.38984375 0.24375 0.1796875
0 0.08828125 0.271875 0.1765625 0.14375
0 0.3109375 0.190625 0.196875 0.178125
0 0.39921875 0.334375 0.0203125 0.0375
0 0.38828125 0.43671875 0.0421875 0.0859375
0 0.09609375 0.02421875 0.1921875 0.0484375
0 0.3578125 0.02421875 0.103125 0.0484375
0 0.3234375 0.09453125 0.0453125 0.0328125
0 0.8796875 0.08203125 0.240625 0.1640625
0 0.64140625 0.26328125 0.4203125 0.40625
0 0.80390625 0.4296875 0.3265625 0.1
0 0.540625 0.3953125 0.2625 0.16875
0 0.896875 0.27265625 0.20625 0.3546875
0 0.09140625 0.5671875 0.1828125 0.175
0 0.04609375 0.8296875 0.0921875 0.271875
0 0.1359375 0.9359375 0.21875 0.128125
0 0.271875 0.84375 0.096875 0.3125
0 0.34375 0.82265625 0.13125 0.3546875
0 0.3859375 0.846875 0.046875 0.30625
0 0.2984375 0.5 0.221875 0.040625
0 0.14765625 0.7046875 0.1875 0.259375
0 0.92421875 0.7796875 0.071875 0.05
0 0.94765625 0.928125 0.0984375 0.1
0 0.646875 0.75 0.475 0.5