0 0.0921875 0.04609375 0.0578125 0.0421875
0 0.35 0.04609375 0.259375 0.0921875
0 0.44140625 0.0953125 0.0765625 0.165625
0 0.30390625 0.47109375 0.0453125 0.021875
0 0.20390625 0.51484375 0.0578125 0.0390625
0 0.209375 0.56484375 0.1 0.0390625
0 0.02890625 0.49453125 0.0578125 0.0296875
0 0.409375 0.43671875 0.090625 0.0671875
0 0.31953125 0.36640625 0.1046875 0.0421875
0 0.2796875 0.2984375 0.10625 0.05625
0 0.01953125 0.08984375 0.0390625 0.0234375
0 0.0421875 0.13203125 0.0625 0.03125
0 0.13203125 0.07578125 0.0640625 0.0265625
0 0.25625 0.121875 0.0359375 0.028125
0 0.4375 0.38359375 0.0484375 0.03125
0 0.321875 0.1203125 0.0359375 0.0203125
0 0.3703125 0.15625 0.0375 0.028125
0 0.18984375 0.0421875 0.0296875 0.01875
0 0.1234375 0.56484375 0.04375 0.0234375
0 0.54453125 0.09140625 0.1296875 0.1828125
0 0.753125 0.0953125 0.2 0.190625
0 0.95078125 0.09375 0.0984375 0.1875
0 0.9546875 0.37578125 0.090625 0.2671875
0 0.765625 0.3765625 0.20625 0.2671875
0 0.55 0.37890625 0.140625 0.2765625
0 0.03203125 0.70234375 0.0640625 0.0546875
0 0.10234375 0.63671875 0.0734375 0.0359375
0 0.4109375 0.871875 0.046875 0.05
0 0.24921875 0.97890625 0.0609375 0.0390625
0 0.17265625 0.8375 0.0328125 0.0265625
0 0.07890625 0.88671875 0.03125 0.021875
0 0.0625 0.99140625 0.03125 0.0171875
0 0.93984375 0.68046875 0.1203125 0.0859375
0 0.54921875 0.66328125 0.1390625 0.0890625
0 0.728125 0.8234375 0.053125 0.0625
0 0.94140625 0.6328125 0.0890625 0.028125
0 0.6109375 0.88828125 0.0875 0.0984375
0 0.91015625 0.7625 0.0546875 0.059375
0 0.67890625 0.86796875 0.0890625 0.1390625
0 0.74765625 0.90546875 0.0703125 0.071875