0 0.15078125 0.440625 0.0578125 0.0375
0 0.0984375 0.4375 0.053125 0.04375
0 0.18359375 0.128125 0.0265625 0.01875
0 0.25859375 0.09453125 0.03125 0.0171875
0 0.9140625 0.25234375 0.171875 0.2796875
0 0.725 0.2078125 0.19375 0.34375
0 0.64765625 0.240625 0.103125 0.190625
0 0.846875 0.065625 0.2625 0.13125
0 0.9140625 0.17109375 0.171875 0.1640625
0 0.921875 0.4015625 0.15625 0.115625
0 0.67109375 0.40390625 0.2296875 0.1109375
0 0.534375 0.128125 0.05 0.25625
0 0.60078125 0.084375 0.1421875 0.16875
0 0.08984375 0.89921875 0.1796875 0.2015625
0 0.328125 0.90859375 0.290625 0.1828125
0 0.0875 0.63046875 0.175 0.2046875
0 0.12265625 0.740625 0.2453125 0.18125
0 0.26875 0.58125 0.184375 0.240625
0 0.3421875 0.71015625 0.228125 0.2640625
0 0.4140625 0.5328125 0.146875 0.146875
0 0.10703125 0.53203125 0.2140625 0.1453125
0 0.6375 0.7484375 0.25625 0.16875
0 0.9515625 0.74453125 0.096875 0.2546875
0 0.7734375 0.61640625 0.225 0.2296875
0 0.646875 0.91640625 0.228125 0.1671875
0 0.8796875 0.8609375 0.19375 0.275