0 0.203125 0.42265625 0.1734375 0.1640625
0 0.28046875 0.38203125 0.0359375 0.0234375
0 0.1765625 0.23359375 0.028125 0.021875
0 0.20703125 0.17890625 0.021875 0.0140625
0 0.23125 0.2390625 0.025 0.0171875
0 0.03984375 0.1234375 0.0390625 0.0125
0 0.05625 0.24609375 0.028125 0.0203125
0 0.084375 0.39609375 0.046875 0.0296875
0 0.5203125 0.5828125 0.0375 0.046875
0 0.1765625 0.62109375 0.025 0.0171875
0 0.2515625 0.5875 0.03125 0.0171875
0 0.2078125 0.31796875 0.09375 0.03125
0 0.484375 0.35546875 0.059375 0.0234375
0 0.10625 0.184375 0.0171875 0.0171875
0 0.4703125 0.1921875 0.01875 0.01875
0 0.57109375 0.33828125 0.0421875 0.3078125
0 0.57265625 0.559375 0.0453125 0.115625
0 0.6796875 0.60703125 0.221875 0.1046875
0 0.9640625 0.63046875 0.071875 0.0578125
0 0.85078125 0.61328125 0.1515625 0.0921875
0 0.92109375 0.40703125 0.1578125 0.3796875
0 0.7890625 0.45234375 0.1109375 0.3390625
0 0.65078125 0.4546875 0.1671875 0.209375
0 0.68671875 0.20703125 0.1875 0.271875
0 0.85234375 0.1796875 0.115625 0.3171875
0 0.2 0.74453125 0.1875 0.1703125
0 0.36484375 0.75625 0.1609375 0.19375
0 0.49765625 0.7484375 0.1046875 0.178125
0 0.17109375 0.934375 0.2296875 0.13125
0 0.3 0.86171875 0.1390625 0.2296875
0 0.42421875 0.90703125 0.1671875 0.1859375
0 0.525 0.8875 0.05 0.225
0 0.72109375 0.865625 0.0921875 0.09375
0 0.67578125 0.965625 0.1515625 0.059375
0 0.903125 0.725 0.096875 0.0453125
0 0.6 0.6953125 0.0875 0.0578125
0 0.696875 0.68515625 0.115625 0.0515625