0 0.359375 0.1578125 0.0828125 0.03125
0 0.42421875 0.28984375 0.0296875 0.0328125
0 0.15859375 0.06953125 0.053125 0.0359375
0 0.29375 0.1734375 0.046875 0.0171875
0 0.0640625 0.4640625 0.1 0.05
0 0.15390625 0.32578125 0.0578125 0.0359375
0 0.021875 0.42578125 0.04375 0.0328125
0 0.28984375 0.11796875 0.0484375 0.021875
0 0.353125 0.021875 0.065625 0.0359375
0 0.42109375 0.31796875 0.0359375 0.0359375
0 0.90625 0.1265625 0.1875 0.253125
0 0.7203125 0.0734375 0.046875 0.053125
0 0.64765625 0.04453125 0.03125 0.040625
0 0.60703125 0.3015625 0.0484375 0.03125
0 0.51171875 0.01953125 0.0265625 0.0390625
0 0.0578125 0.56953125 0.115625 0.1609375
0 0.31484375 0.5796875 0.2484375 0.18125
0 0.3890625 0.82421875 0.1 0.2453125
0 0.21484375 0.728125 0.2390625 0.1625
0 0.2234375 0.82421875 0.2015625 0.1671875
0 0.1359375 0.90703125 0.246875 0.1859375
0 0.328125 0.94453125 0.221875 0.1109375
0 0.03125 0.790625 0.0625 0.15625
0 0.10390625 0.6078125 0.1859375 0.125
0 0.85390625 0.51015625 0.053125 0.0359375
0 0.72109375 0.9828125 0.1890625 0.034375
0 0.509375 0.79765625 0.125 0.0578125
0 0.76015625 0.91171875 0.1015625 0.0625
0 0.98359375 0.98359375 0.0328125 0.0328125
0 0.84921875 0.76640625 0.0578125 0.0359375
0 0.559375 0.753125 0.05 0.021875
0 0.62578125 0.9140625 0.0421875 0.0265625
0 0.71328125 0.8671875 0.053125 0.034375