0 0.2484375 0.32734375 0.125 0.0578125
0 0.15234375 0.3390625 0.0734375 0.046875
0 0.2984375 0.2828125 0.05 0.021875
0 0.35546875 0.44296875 0.0265625 0.0265625
0 0.06328125 0.225 0.0234375 0.0265625
0 0.0296875 0.3296875 0.028125 0.0359375
0 0.7828125 0.31328125 0.09375 0.0671875
0 0.6375 0.46328125 0.19375 0.0515625
0 0.48828125 0.47890625 0.0671875 0.0203125
0 0.57265625 0.0171875 0.0421875 0.034375
0 0.42421875 0.05390625 0.1109375 0.0796875
0 0.53984375 0.31796875 0.0546875 0.0296875
0 0.62421875 0.146875 0.0703125 0.05625
0 0.79140625 0.19140625 0.0359375 0.0296875
0 0.5625 0.2328125 0.053125 0.0453125
0 0.46328125 0.28046875 0.0546875 0.0546875
0 0.94453125 0.02109375 0.0609375 0.0421875
0 0.8453125 0.4609375 0.04375 0.0390625
0 0.76328125 0.43203125 0.03125 0.04375
0 0.709375 0.04609375 0.0484375 0.0453125
0 0.17734375 0.67421875 0.3546875 0.3703125
0 0.178125 0.85078125 0.35625 0.2984375
0 0.86796875 0.74453125 0.2640625 0.5109375
0 0.52265625 0.91484375 0.3078125 0.1703125