0 0.2296875 0.31015625 0.11875 0.1140625
0 0.0578125 0.08515625 0.115625 0.0578125
0 0.27109375 0.1984375 0.0359375 0.0625
0 0.103125 0.040625 0.05 0.021875
0 0.16953125 0.2015625 0.04375 0.0265625
0 0.25703125 0.1546875 0.053125 0.034375
0 0.6109375 0.35234375 0.384375 0.2328125
0 0.9453125 0.3390625 0.075 0.0453125
0 0.96015625 0.09375 0.0640625 0.0375
0 0.56796875 0.3671875 0.040625 0.040625
0 0.59140625 0.05546875 0.0609375 0.040625
0 0.67421875 0.04140625 0.059375 0.0703125
0 0.359375 0.028125 0.05625 0.0359375
0 0.3109375 0.07109375 0.040625 0.0203125
0 0.7640625 0.05078125 0.0484375 0.0296875
0 0.1828125 0.92265625 0.084375 0.1546875
0 0.0640625 0.928125 0.065625 0.14375
0 0.1953125 0.68203125 0.06875 0.103125
0 0.27421875 0.70390625 0.0296875 0.1203125
0 0.0203125 0.57265625 0.040625 0.0828125
0 0.20859375 0.82109375 0.0484375 0.0609375
0 0.040625 0.8 0.0203125 0.0515625
0 0.06953125 0.675 0.025 0.0265625
0 0.140625 0.5734375 0.0171875 0.021875
0 0.28203125 0.64140625 0.0140625 0.0703125
0 0.284375 0.55703125 0.009375 0.0578125
0 0.89765625 0.68984375 0.2046875 0.2984375
0 0.7296875 0.55859375 0.2875 0.1796875
0 0.53359375 0.734375 0.2515625 0.53125
0 0.8609375 0.95703125 0.278125 0.0859375
0 0.74296875 0.79453125 0.1890625 0.4109375
0 0.91328125 0.8953125 0.1734375 0.209375
0 0.90625 0.55703125 0.1875 0.1765625