0 0.09140625 0.05703125 0.0671875 0.025
0 0.38203125 0.115625 0.1734375 0.1640625
0 0.459375 0.0734375 0.0375 0.025
0 0.26171875 0.08828125 0.0484375 0.0296875
0 0.35546875 0.3140625 0.0265625 0.0203125
0 0.43046875 0.28046875 0.03125 0.0171875
0 0.3859375 0.01328125 0.09375 0.0265625
0 0.01953125 0.3796875 0.0359375 0.01875
0 0.70859375 0.10234375 0.0703125 0.0390625
0 0.7 0.2078125 0.096875 0.09375
0 0.959375 0.21953125 0.08125 0.2328125
0 0.9078125 0.2453125 0.1125 0.153125
0 0.93828125 0.06484375 0.0484375 0.0453125
0 0.04453125 0.47890625 0.0609375 0.071875
0 0.0171875 0.61171875 0.034375 0.0484375
0 0.0546875 0.71484375 0.034375 0.025
0 0.503125 0.528125 0.046875 0.05
0 0.34140625 0.63515625 0.0609375 0.0390625
0 0.26484375 0.49375 0.0328125 0.028125
0 0.17109375 0.54296875 0.03125 0.021875
0 0.28515625 0.91875 0.2296875 0.159375
0 0.54453125 0.903125 0.0359375 0.034375
0 0.52578125 0.86484375 0.028125 0.0265625
0 0.5578125 0.83984375 0.0390625 0.0296875
0 0.01171875 0.95546875 0.0234375 0.0359375
0 0.03984375 0.4453125 0.0390625 0.0265625
0 0.15546875 0.65 0.03125 0.021875
0 0.33671875 0.7109375 0.0265625 0.025
0 0.76015625 0.496875 0.0359375 0.0375
0 0.7140625 0.528125 0.0359375 0.034375
0 0.74296875 0.8046875 0.1921875 0.2
0 0.68984375 0.9796875 0.0578125 0.040625
0 0.94765625 0.4 0.0359375 0.021875
0 0.8265625 0.4015625 0.040625 0.025
0 0.92109375 0.70625 0.034375 0.0359375
0 0.85859375 0.7671875 0.0515625 0.034375
0 0.6359375 0.84765625 0.0125 0.0484375
0 0.8671875 0.56171875 0.034375 0.0328125
0 0.66484375 0.44609375 0.03125 0.0265625
0 0.64609375 0.51328125 0.03125 0.0296875
0 0.8765625 0.7 0.0359375 0.028125
0 0.95625 0.68046875 0.0265625 0.021875
0 0.9875 0.678125 0.025 0.0171875
0 0.82421875 0.98828125 0.0234375 0.0234375
0 0.96484375 0.99609375 0.0296875 0.0078125
0 0.91015625 0.7671875 0.021875 0.028125
0 0.7578125 0.41953125 0.0921875 0.0265625