0 0.14765625 0.246875 0.1734375 0.125
0 0.22578125 0.22578125 0.0359375 0.025
0 0.0078125 0.0890625 0.015625 0.01875
0 0.0296875 0.23984375 0.0484375 0.0296875
0 0.153125 0.16171875 0.09375 0.03125
0 0.60859375 0.02265625 0.2234375 0.0453125
0 0.8359375 0.05625 0.159375 0.1125
0 0.95 0.11640625 0.1 0.1421875
0 0.81328125 0.22421875 0.2296875 0.1703125
0 0.925 0.2109375 0.15 0.196875
0 0.62265625 0.1140625 0.228125 0.1546875
0 0.4375 0.20390625 0.1875 0.2109375
0 0.74453125 0.28828125 0.2109375 0.0421875
0 0.0390625 0.69453125 0.078125 0.1046875
0 0.240625 0.6171875 0.178125 0.259375
0 0.115625 0.85546875 0.23125 0.2546875
0 0.36484375 0.71328125 0.0703125 0.2171875
0 0.428125 0.49453125 0.196875 0.1796875
0 0.4984375 0.640625 0.071875 0.0390625
0 0.490625 0.74765625 0.0984375 0.096875
0 0.85 0.90625 0.11875 0.08125
0 0.8546875 0.76015625 0.290625 0.2359375
0 0.6984375 0.78515625 0.109375 0.1515625
0 0.5234375 0.33125 0.284375 0.04375
0 0.49765625 0.990625 0.0546875 0.01875
0 0.85703125 0.35625 0.1328125 0.08125
0 0.89453125 0.47265625 0.084375 0.075
0 0.85 0.53984375 0.075 0.040625
0 0.7296875 0.60390625 0.046875 0.0453125
0 0.396875 0.40078125 0.0453125 0.0328125
0 0.578125 0.3515625 0.075 0.0703125
0 0.65390625 0.3609375 0.0328125 0.034375