0 0.1015625 0.415625 0.203125 0.20625
0 0.0265625 0.284375 0.053125 0.14375
0 0.209375 0.203125 0.2390625 0.178125
0 0.30078125 0.34765625 0.0703125 0.0390625
0 0.2921875 0.453125 0.096875 0.09375
0 0.034375 0.03046875 0.06875 0.0609375
0 0.3109375 0.03046875 0.25625 0.0609375
0 0.2 0.10703125 0.0453125 0.034375
0 0.3796875 0.059375 0.075 0.0703125
0 0.55078125 0.31796875 0.1109375 0.2609375
0 0.68515625 0.4484375 0.2015625 0.140625
0 0.8671875 0.471875 0.1875 0.09375
0 0.09375 0.59609375 0.1 0.0953125
0 0.41640625 0.75390625 0.0453125 0.0796875
0 0.37578125 0.62265625 0.1265625 0.2078125
0 0.3015625 0.63359375 0.1109375 0.1515625
0 0.04921875 0.884375 0.05625 0.034375
0 0.1015625 0.853125 0.05625 0.046875
0 0.14765625 0.8953125 0.040625 0.028125
0 0.18125 0.8703125 0.0375 0.053125
0 0.7875 0.5375 0.134375 0.0375
0 0.71171875 0.53203125 0.0796875 0.0265625
0 0.70390625 0.55 0.096875 0.0515625
0 0.80234375 0.615625 0.1109375 0.075
0 0.72421875 0.6265625 0.0984375 0.06875
0 0.6703125 0.7046875 0.11875 0.075
0 0.46171875 0.68515625 0.0453125 0.0484375
0 0.540625 0.6515625 0.125 0.065625
0 0.51015625 0.81328125 0.103125 0.0734375
0 0.9734375 0.8 0.05 0.04375
0 0.603125 0.909375 0.1109375 0.04375
0 0.890625 0.78046875 0.0609375 0.0515625
0 0.85625 0.8859375 0.06875 0.040625
0 0.5609375 0.97421875 0.0890625 0.04375