0 0.51328125 0.2609375 0.0359375 0.0390625
0 0.4671875 0.2921875 0.0359375 0.034375
0 0.31015625 0.3453125 0.0640625 0.115625
0 0.49609375 0.56875 0.1921875 0.2
0 0.44375 0.75859375 0.0578125 0.0703125
0 0.3859375 0.0328125 0.0296875 0.0234375
0 0.3546875 0.6265625 0.0453125 0.0453125
0 0.5734375 0.81953125 0.0390625 0.0390625
0 0.946875 0.11640625 0.1015625 0.09375
0 0.85078125 0.0765625 0.0359375 0.025
0 0.80625 0.10546875 0.04375 0.0390625
0 0.70078125 0.15859375 0.0359375 0.0328125
0 0.53125 0.04453125 0.0484375 0.04375
0 0.5796875 0.1625 0.040625 0.0328125
0 0.67421875 0.4703125 0.034375 0.0359375
0 0.61171875 0.53125 0.0515625 0.034375
0 0.375 0.61171875 0.04375 0.0484375
0 0.93984375 0.46171875 0.0265625 0.021875
0 0.36640625 0.33203125 0.053125 0.0453125
0 0.6203125 0.32578125 0.034375 0.0328125
0 0.26328125 0.259375 0.0359375 0.04375
0 0.1578125 0.18515625 0.0328125 0.0296875
0 0.2859375 0.15625 0.0265625 0.0171875
0 0.33984375 0.09765625 0.025 0.021875
0 0.415625 0.13671875 0.0140625 0.0140625
0 0.41796875 0.21015625 0.03125 0.0265625
0 0.39921875 0.27734375 0.03125 0.0296875
0 0.37109375 0.24296875 0.0296875 0.0265625
0 0.6296875 0.4640625 0.0359375 0.0296875
0 0.709375 0.44453125 0.0265625 0.021875
0 0.1984375 0.34609375 0.0265625 0.0234375
0 0.1453125 0.2171875 0.0296875 0.021875
0 0.06015625 0.146875 0.040625 0.0296875
0 0.03515625 0.26328125 0.0390625 0.021875
0 0.1875 0.1390625 0.025 0.0265625
0 0.3171875 0.95078125 0.0359375 0.0453125
0 0.1609375 0.65234375 0.0296875 0.025
0 0.3390625 0.87890625 0.0234375 0.021875
0 0.834375 0.8546875 0.0359375 0.021875
0 0.475 0.0359375 0.040625 0.0390625
0 0.584375 0.0609375 0.025 0.0140625
0 0.29296875 0.20703125 0.021875 0.025
0 0.73046875 0.0796875 0.0296875 0.021875
0 0.9328125 0.2984375 0.0265625 0.0296875
0 0.81953125 0.40234375 0.0296875 0.0203125
0 0.740625 0.4421875 0.025 0.0171875
0 0.2984375 0.0609375 0.0171875 0.0125
0 0.271875 0.01953125 0.0234375 0.0125
0 0.578125 0.75625 0.025 0.028125
0 0.71875 0.7703125 0.0296875 0.0265625
0 0.33671875 0.803125 0.0390625 0.034375
0 0.053125 0.74765625 0.0296875 0.025
0 0.66328125 0.53125 0.021875 0.0296875
0 0.859375 0.69921875 0.025 0.0203125
0 0.87265625 0.83984375 0.0265625 0.03125
0 0.5109375 0.18359375 0.0921875 0.0265625
0 0.31953125 0.19375 0.0265625 0.021875
0 0.103125 0.26328125 0.0296875 0.0234375
0 0.07421875 0.26796875 0.03125 0.021875
0 0.05390625 0.18046875 0.025 0.0328125
0 0.053125 0.22578125 0.0265625 0.025