0 0.08125 0.17421875 0.034375 0.03125
0 0.03046875 0.10859375 0.0515625 0.0359375
0 0.10703125 0.5296875 0.2140625 0.078125
0 0.11484375 0.45703125 0.0453125 0.0453125
0 0.22421875 0.24296875 0.03125 0.0296875
0 0.1171875 0.07109375 0.01875 0.0234375
0 0.11328125 0.01796875 0.034375 0.03125
0 0.01875 0.446875 0.03125 0.03125
0 0.26171875 0.353125 0.0359375 0.025
0 0.19921875 0.34140625 0.053125 0.0265625
0 0.18125 0.1359375 0.0359375 0.025
0 0.58046875 0.04921875 0.1953125 0.0984375
0 0.7734375 0.0859375 0.2796875 0.115625
0 0.91015625 0.12578125 0.1796875 0.1046875
0 0.86875 0.278125 0.2625 0.221875
0 0.7375 0.20234375 0.2125 0.146875
0 0.56640625 0.19375 0.2953125 0.18125
0 0.5265625 0.33671875 0.35625 0.1796875
0 0.4359375 0.42109375 0.29375 0.2359375
0 0.75078125 0.51875 0.3296875 0.1
0 0.81328125 0.4125 0.259375 0.1875
0 0.93828125 0.45 0.1234375 0.2375
0 0.22109375 0.6921875 0.1359375 0.246875
0 0.16484375 0.94453125 0.2484375 0.1109375
0 0.14453125 0.859375 0.2890625 0.28125
0 0.971875 0.65078125 0.05625 0.0765625
0 0.78359375 0.66796875 0.2859375 0.1984375
0 0.54765625 0.59140625 0.0453125 0.0453125
0 0.475 0.5734375 0.03125 0.009375
0 0.946875 0.81328125 0.0375 0.0328125
0 0.43515625 0.815625 0.0484375 0.03125