0 0.39609375 0.09296875 0.1171875 0.0796875
0 0.42265625 0.03125 0.3328125 0.0625
0 0.24453125 0.0234375 0.1109375 0.046875
0 0.01015625 0.22109375 0.0203125 0.0328125
0 0.04609375 0.19140625 0.05625 0.04375
0 0.09140625 0.23359375 0.040625 0.0296875
0 0.12421875 0.20859375 0.0359375 0.053125
0 0.56484375 0.21015625 0.0484375 0.0703125
0 0.52578125 0.25546875 0.0328125 0.0265625
0 0.60078125 0.0890625 0.0234375 0.103125
0 0.628125 0.1734375 0.059375 0.0375
0 0.0859375 0.46015625 0.171875 0.1828125
0 0.21640625 0.50703125 0.15 0.246875
0 0.1015625 0.79609375 0.203125 0.4078125
0 0.35859375 0.8484375 0.1921875 0.303125
0 0.3171875 0.59609375 0.25625 0.3984375
0 0.490625 0.6296875 0.146875 0.3328125
0 0.5578125 0.5 0.0625 0.2625
0 0.52265625 0.8828125 0.1328125 0.234375
0 0.89609375 0.5015625 0.2078125 0.21875
0 0.91328125 0.39609375 0.1734375 0.0546875
0 0.71171875 0.4515625 0.1390625 0.165625
0 0.78203125 0.64296875 0.2484375 0.2296875
0 0.88671875 0.72265625 0.2265625 0.1421875
0 0.93828125 0.9421875 0.1234375 0.115625
0 0.83671875 0.840625 0.2265625 0.1
0 0.7984375 0.91875 0.21875 0.121875
0 0.646875 0.91484375 0.115625 0.1703125
0 0.65 0.61015625 0.121875 0.1578125
0 0.61953125 0.7421875 0.0609375 0.228125