0 0.05859375 0.4875 0.1171875 0.10625
0 0.21640625 0.42421875 0.24375 0.2140625
0 0.0953125 0.28984375 0.184375 0.1453125
0 0.34375 0.2078125 0.2390625 0.178125
0 0.43515625 0.35234375 0.0703125 0.0390625
0 0.1390625 0.7125 0.278125 0.259375
0 0.4265625 0.4578125 0.096875 0.09375
0 0.78515625 0.61640625 0.11875 0.0796875
0 0.821875 0.4703125 0.353125 0.2328125
0 0.634375 0.4953125 0.1109375 0.1515625
0 0.10234375 0.0359375 0.2015625 0.0609375
0 0.46015625 0.03359375 0.284375 0.065625
0 0.38203125 0.7453125 0.05625 0.034375
0 0.43515625 0.71484375 0.05625 0.04375
0 0.48046875 0.75703125 0.040625 0.028125
0 0.51328125 0.73203125 0.0359375 0.053125
0 0.73046875 0.91015625 0.05625 0.04375
0 0.9640625 0.734375 0.0671875 0.0703125
0 0.91484375 0.77890625 0.034375 0.0265625
0 0.7921875 0.06875 0.1328125 0.0796875
0 0.8296875 0.18515625 0.0828125 0.071875
0 0.78515625 0.2515625 0.075 0.040625
0 0.96171875 0.31484375 0.0703125 0.0703125
0 0.66484375 0.31484375 0.0484375 0.0453125
0 0.334375 0.11171875 0.0453125 0.034375
0 0.5140625 0.0640625 0.075 0.0703125
0 0.58984375 0.0734375 0.034375 0.034375