0 0.0890625 0.096875 0.178125 0.19375
0 0.275 0.01640625 0.06875 0.0328125
0 0.059375 0.375 0.11875 0.259375
0 0.2671875 0.1203125 0.096875 0.09375
0 0.22265625 0.4078125 0.05625 0.0328125
0 0.27578125 0.37734375 0.0546875 0.0421875
0 0.32109375 0.41953125 0.040625 0.0296875
0 0.34765625 0.39375 0.0234375 0.053125
0 0.503125 0.42265625 0.159375 0.3328125
0 0.66796875 0.4265625 0.2015625 0.325
0 0.88359375 0.44375 0.2328125 0.290625
0 0.7765625 0.20234375 0.303125 0.4046875
0 0.43984375 0.19375 0.146875 0.184375
0 0.225 0.79296875 0.03125 0.021875
0 0.67890625 0.79453125 0.5046875 0.4109375