0 0.00625 0.2078125 0.0125 0.04375
0 0.2421875 0.17734375 0.259375 0.15625
0 0.3796875 0.2578125 0.16875 0.165625
0 0.19609375 0.63359375 0.0453125 0.021875
0 0.09609375 0.66328125 0.0578125 0.0109375
0 0.3015625 0.59921875 0.090625 0.0671875
0 0.21171875 0.52890625 0.1046875 0.0421875
0 0.171875 0.4609375 0.10625 0.0578125
0 0.028125 0.23828125 0.05625 0.0265625
0 0.1484375 0.284375 0.0359375 0.028125
0 0.3296875 0.54609375 0.046875 0.03125
0 0.2140625 0.2828125 0.0359375 0.01875
0 0.4984375 0.271875 0.021875 0.021875
0 0.2625 0.31875 0.0359375 0.0265625
0 0.08203125 0.2046875 0.0296875 0.01875
0 0.64609375 0.571875 0.165625 0.1765625
0 0.71796875 0.35625 0.1578125 0.403125
0 0.8828125 0.4 0.2015625 0.475
0 0.91953125 0.15078125 0.1609375 0.3015625
0 0.653125 0.09140625 0.146875 0.1828125
0 0.55390625 0.6296875 0.0890625 0.078125
0 0.31953125 0.925 0.2578125 0.15
0 0.46875 0.71875 0.0578125 0.040625
0 0.01640625 0.76328125 0.0328125 0.0359375
0 0.08359375 0.709375 0.0390625 0.03125
0 0.0140625 0.95859375 0.028125 0.0328125
0 0.64375 0.77265625 0.26875 0.2078125
0 0.61171875 0.90859375 0.2046875 0.1828125
0 0.85234375 0.72734375 0.2953125 0.1171875
0 0.84921875 0.9109375 0.3015625 0.178125