0 0.26328125 0.35390625 0.0453125 0.021875
0 0.16328125 0.39765625 0.0578125 0.0390625
0 0.16875 0.44765625 0.1 0.0390625
0 0.00859375 0.37734375 0.0171875 0.0296875
0 0.271875 0.2484375 0.09375 0.04375
0 0.2390625 0.18125 0.10625 0.0578125
0 0.01640625 0.01484375 0.0328125 0.0296875
0 0.21484375 0.00859375 0.0359375 0.0171875
0 0.28046875 0.00625 0.0359375 0.0125
0 0.31484375 0.03828125 0.0078125 0.0265625
0 0.0828125 0.44765625 0.04375 0.0234375
0 0.5515625 0.07890625 0.290625 0.1578125
0 0.84453125 0.0875 0.3109375 0.175
0 0.85546875 0.30546875 0.2890625 0.4265625
0 0.5328125 0.31015625 0.428125 0.3734375
0 0.2703125 0.590625 0.096875 0.14375
0 0.078125 0.98046875 0.15625 0.0390625
0 0.46796875 0.790625 0.2296875 0.159375
0 0.9078125 0.89453125 0.0625 0.0515625
0 0.95859375 0.78984375 0.0703125 0.0578125
0 0.72734375 0.775 0.0359375 0.034375
0 0.70859375 0.73671875 0.0296875 0.0265625
0 0.740625 0.71171875 0.0390625 0.028125
0 0.9234375 0.72265625 0.05 0.0203125
0 0.9296875 0.6140625 0.04375 0.034375
0 0.9203125 0.9625 0.05625 0.0375
0 0.82265625 0.93515625 0.03125 0.0390625
0 0.3375 0.52578125 0.03125 0.0140625
0 0.51953125 0.5828125 0.0265625 0.025
0 0.9140625 0.5890625 0.040625 0.0375