0 0.17578125 0.3328125 0.1109375 0.0546875
0 0.290625 0.2515625 0.0328125 0.0203125
0 0.36796875 0.2453125 0.03125 0.0171875
0 0.35546875 0.3921875 0.0671875 0.0234375
0 0.6453125 0.45078125 0.1734375 0.1640625
0 0.72265625 0.41015625 0.0359375 0.025
0 0.61875 0.26171875 0.028125 0.021875
0 0.64921875 0.20703125 0.021875 0.0140625
0 0.6734375 0.2671875 0.025 0.0171875
0 0.428125 0.0609375 0.0203125 0.0125
0 0.48203125 0.1515625 0.0390625 0.0125
0 0.1046875 0.53828125 0.034375 0.03125
0 0.05390625 0.47265625 0.0515625 0.0359375
0 0.11875 0.92734375 0.2375 0.1453125
0 0.13828125 0.82109375 0.0453125 0.0453125
0 0.5875 0.9625 0.0578125 0.04375
0 0.53359375 0.9578125 0.053125 0.04375
0 0.4984375 0.27421875 0.028125 0.0203125
0 0.5265625 0.42421875 0.0484375 0.0296875
0 0.9625 0.6109375 0.0390625 0.0484375
0 0.61875 0.64921875 0.0265625 0.0171875
0 0.69375 0.615625 0.03125 0.0171875
0 0.24765625 0.60703125 0.03125 0.028125
0 0.65 0.34609375 0.09375 0.03125
0 0.9265625 0.38359375 0.0578125 0.0234375
0 0.43125 0.20078125 0.0203125 0.0171875
0 0.5484375 0.2125 0.0171875 0.0171875
0 0.9125 0.2203125 0.0203125 0.0203125
0 0.06640625 0.1890625 0.0140625 0.0171875
0 0.140625 0.43515625 0.0203125 0.025
0 0.13671875 0.38203125 0.034375 0.03125
0 0.0421875 0.8109375 0.03125 0.03125
0 0.28515625 0.7171875 0.0359375 0.025
0 0.3796875 0.76328125 0.0484375 0.0390625
0 0.22265625 0.70546875 0.053125 0.0265625
0 0.4 0.87265625 0.0484375 0.0296875
0 0.2046875 0.5 0.0359375 0.025