0 0.125 0.2640625 0.2328125 0.115625
0 0.1703125 0.18046875 0.1640625 0.1453125
0 0.03984375 0.21484375 0.0796875 0.053125
0 0.0328125 0.38359375 0.0359375 0.021875
0 0.06640625 0.4359375 0.03125 0.0203125
0 0.18046875 0.41796875 0.040625 0.0203125
0 0.24765625 0.3609375 0.0359375 0.0203125
0 0.265625 0.4703125 0.0671875 0.0265625
0 0.43125 0.22265625 0.0578125 0.04375
0 0.6890625 0.19140625 0.259375 0.15625
0 0.8265625 0.271875 0.16875 0.165625
0 0.64296875 0.64765625 0.0453125 0.021875
0 0.54296875 0.69140625 0.0578125 0.0390625
0 0.5484375 0.74140625 0.1015625 0.0390625
0 0.365625 0.671875 0.0625 0.0296875
0 0.7484375 0.61328125 0.090625 0.0671875
0 0.65859375 0.54296875 0.10625 0.04375
0 0.61875 0.475 0.10625 0.0578125
0 0.77890625 0.8921875 0.0265625 0.025
0 0.15625 0.58984375 0.071875 0.053125
0 0.19453125 0.54921875 0.0765625 0.028125
0 0.17890625 0.51796875 0.0359375 0.025
0 0.03828125 0.70546875 0.0265625 0.0203125
0 0.06953125 0.728125 0.0390625 0.021875
0 0.23671875 0.65625 0.0390625 0.0203125
0 0.3578125 0.2671875 0.040625 0.0234375
0 0.28828125 0.23671875 0.04375 0.0265625
0 0.38125 0.30859375 0.0625 0.03125
0 0.47109375 0.25234375 0.065625 0.0265625
0 0.5953125 0.2984375 0.0359375 0.0265625
0 0.9671875 0.71484375 0.0609375 0.0609375
0 0.7765625 0.56015625 0.0484375 0.03125
0 0.6609375 0.296875 0.0359375 0.0203125
0 0.96171875 0.2859375 0.053125 0.021875
0 0.709375 0.3328125 0.0359375 0.0265625
0 0.52890625 0.21875 0.028125 0.0203125
0 0.4625 0.74140625 0.04375 0.0234375