0 0.44140625 0.053125 0.1546875 0.10625
0 0.18046875 0.05625 0.0359375 0.0375
0 0.12421875 0.1359375 0.0640625 0.034375
0 0.03046875 0.16171875 0.0609375 0.0453125
0 0.48203125 0.16953125 0.0734375 0.1390625
0 0.47109375 0.29921875 0.0484375 0.0328125
0 0.40390625 0.33515625 0.0515625 0.0203125
0 0.42578125 0.23984375 0.0578125 0.0109375
0 0.759375 0.19453125 0.48125 0.3890625
0 0.85078125 0.1 0.2984375 0.2
0 0.17265625 0.5734375 0.1796875 0.2
0 0.1140625 0.76328125 0.0578125 0.0703125
0 0.24375 0.82421875 0.0375 0.0390625
0 0.34453125 0.475 0.0328125 0.0359375
0 0.28203125 0.5359375 0.0515625 0.034375
0 0.3 0.46875 0.0359375 0.028125
0 0.3796875 0.44921875 0.0265625 0.021875
0 0.00859375 0.9578125 0.0171875 0.053125
0 0.01015625 0.8828125 0.0203125 0.021875
0 0.503125 0.86171875 0.03125 0.0296875
0 0.48984375 0.40703125 0.0296875 0.0203125
0 0.4109375 0.446875 0.0234375 0.0171875
0 0.2484375 0.7609375 0.025 0.028125
0 0.3890625 0.775 0.0296875 0.0265625
0 0.07421875 0.915625 0.0296875 0.021875
0 0.33359375 0.5359375 0.021875 0.028125
0 0.865625 0.5234375 0.0828125 0.0609375
0 0.88125 0.778125 0.178125 0.121875
0 0.725 0.86484375 0.059375 0.0609375
0 0.671875 0.75078125 0.06875 0.053125
0 0.5921875 0.5515625 0.146875 0.15625
0 0.55546875 0.6703125 0.0546875 0.021875
0 0.734375 0.5875 0.096875 0.075
0 0.759375 0.73828125 0.09375 0.0609375
0 0.83984375 0.709375 0.0796875 0.059375
0 0.84765625 0.95234375 0.0296875 0.021875
0 0.98515625 0.8796875 0.0296875 0.028125
0 0.94609375 0.628125 0.096875 0.040625
0 0.5578125 0.8578125 0.034375 0.0171875
0 0.8484375 0.665625 0.0796875 0.0359375
0 0.959375 0.55703125 0.0390625 0.021875