0 0.05859375 0.48984375 0.1171875 0.1078125
0 0.2171875 0.4265625 0.24375 0.2171875
0 0.09609375 0.290625 0.1859375 0.1453125
0 0.34375 0.2078125 0.240625 0.18125
0 0.4359375 0.353125 0.071875 0.0390625
0 0.1390625 0.715625 0.278125 0.259375
0 0.428125 0.46015625 0.0984375 0.096875
0 0.7875 0.61875 0.11875 0.0796875
0 0.8234375 0.47265625 0.353125 0.2359375
0 0.6359375 0.49765625 0.1109375 0.1515625
0 0.10234375 0.0359375 0.2015625 0.0609375
0 0.46171875 0.03359375 0.284375 0.065625
0 0.38359375 0.7484375 0.0546875 0.034375
0 0.4359375 0.7171875 0.05625 0.0453125
0 0.48203125 0.759375 0.040625 0.028125
0 0.515625 0.734375 0.0359375 0.053125
0 0.7328125 0.91328125 0.05625 0.04375
0 0.96640625 0.73828125 0.0671875 0.0703125
0 0.9171875 0.7828125 0.034375 0.0265625
0 0.79453125 0.06875 0.1328125 0.0828125
0 0.83203125 0.18515625 0.084375 0.075
0 0.7875 0.25234375 0.075 0.040625
0 0.9640625 0.31640625 0.0703125 0.071875
0 0.6671875 0.31640625 0.0484375 0.0453125
0 0.334375 0.11328125 0.0453125 0.034375
0 0.515625 0.0640625 0.075 0.0703125
0 0.59140625 0.0734375 0.034375 0.034375