0 0.0390625 0.2734375 0.0296875 0.0890625
0 0.2375 0.2875 0.1 0.178125
0 0.2984375 0.25234375 0.040625 0.1390625
0 0.0984375 0.2375 0.040625 0.05
0 0.06796875 0.21796875 0.0265625 0.053125
0 0.290625 0.0234375 0.05625 0.046875
0 0.71328125 0.01171875 0.0359375 0.0234375
0 0.56484375 0.1609375 0.053125 0.05625
0 0.4265625 0.1359375 0.1609375 0.134375
0 0.671875 0.28359375 0.05 0.0515625
0 0.96484375 0.10390625 0.0703125 0.0953125
0 0.7546875 0.1375 0.059375 0.05625
0 0.8375 0.14296875 0.04375 0.0390625
0 0.49609375 0.03984375 0.0390625 0.0328125
0 0.6625 0.075 0.0484375 0.034375
0 0.45078125 0.24921875 0.0390625 0.0203125
0 0.515625 0.3046875 0.059375 0.065625
0 0.1109375 0.625 0.221875 0.390625
0 0.83203125 0.4640625 0.1671875 0.06875
0 0.64921875 0.79140625 0.0453125 0.021875
0 0.54921875 0.83515625 0.0578125 0.0390625
0 0.5546875 0.88515625 0.1015625 0.0390625
0 0.371875 0.815625 0.0625 0.028125
0 0.7546875 0.75703125 0.090625 0.0671875
0 0.66484375 0.68671875 0.1046875 0.0421875
0 0.625 0.61875 0.10625 0.0578125
0 0.3875 0.45234375 0.0625 0.03125
0 0.60078125 0.4421875 0.0359375 0.025
0 0.97109375 0.8578125 0.0578125 0.059375
0 0.7828125 0.70390625 0.0484375 0.03125
0 0.6671875 0.440625 0.0359375 0.01875
0 0.9671875 0.43515625 0.053125 0.0109375
0 0.715625 0.4765625 0.0359375 0.028125
0 0.46875 0.88515625 0.04375 0.0234375