0 0.28828125 0.025 0.0359375 0.0375
0 0.2421875 0.05625 0.0359375 0.034375
0 0.08515625 0.109375 0.0640625 0.115625
0 0.27734375 0.3328125 0.18125 0.2
0 0.21796875 0.51328125 0.0578125 0.0515625
0 0.44921875 0.234375 0.0328125 0.0359375
0 0.38671875 0.2953125 0.0515625 0.0328125
0 0.14140625 0.09609375 0.053125 0.0453125
0 0.3953125 0.08984375 0.034375 0.0328125
0 0.03828125 0.0234375 0.0359375 0.04375
0 0.17421875 0.04140625 0.03125 0.0296875
0 0.1453125 0.01015625 0.028125 0.0203125
0 0.4046875 0.228125 0.0359375 0.028125
0 0.484375 0.20859375 0.0265625 0.021875
0 0.59453125 0.16640625 0.028125 0.0203125
0 0.515625 0.20625 0.025 0.0171875
0 0.353125 0.5203125 0.0234375 0.028125
0 0.49296875 0.5296875 0.0296875 0.01875
0 0.43828125 0.2953125 0.021875 0.0296875
0 0.634375 0.46328125 0.025 0.0203125
0 0.70390625 0.48984375 0.1078125 0.0984375
0 0.6640625 0.40703125 0.028125 0.0453125
0 0.765625 0.1921875 0.028125 0.028125
0 0.65859375 0.01796875 0.0171875 0.0234375
0 0.80234375 0.30390625 0.0359375 0.0234375
0 0.8984375 0.3484375 0.05 0.0375
0 0.740625 0.2921875 0.053125 0.0265625
0 0.9171875 0.46015625 0.05 0.0296875
0 0.72265625 0.08515625 0.0359375 0.0265625
0 0.38125 0.6359375 0.196875 0.19375
0 0.0296875 0.5796875 0.059375 0.05
0 0.06484375 0.92265625 0.1296875 0.0984375
0 0.21640625 0.85703125 0.075 0.071875
0 0.61484375 0.86640625 0.0703125 0.2609375
0 0.48203125 0.9796875 0.0640625 0.0375
0 0.1625 0.96640625 0.146875 0.0671875
0 0.2171875 0.76328125 0.096875 0.0609375
0 0.546875 0.61796875 0.20625 0.1578125
0 0.14296875 0.5453125 0.0515625 0.0125
0 0.53125 0.85859375 0.059375 0.040625
0 0.0109375 0.6109375 0.021875 0.053125
0 0.91953125 0.89375 0.1609375 0.2125
0 0.74375 0.82890625 0.1875 0.3421875