0 0.078125 0.33515625 0.0625 0.1453125
0 0.1 0.1765625 0.0453125 0.09375
0 0.15859375 0.4203125 0.040625 0.0671875
0 0.2234375 0.303125 0.0296875 0.0890625
0 0.01953125 0.4515625 0.0359375 0.071875
0 0.1078125 0.6625 0.0828125 0.1015625
0 0.16953125 0.69453125 0.0296875 0.0625
0 0.2046875 0.6703125 0.0203125 0.0515625
0 0.14296875 0.259375 0.0203125 0.0484375
0 0.2640625 0.7703125 0.0984375 0.09375
0 0.29921875 0.5265625 0.03125 0.0625
0 0.40390625 0.5515625 0.075 0.0703125
0 0.421875 0.3171875 0.0984375 0.178125
0 0.50625 0.2828125 0.0875 0.1390625
0 0.50234375 0.47578125 0.0484375 0.10625
0 0.2828125 0.2671875 0.040625 0.0515625
0 0.25234375 0.24765625 0.0265625 0.053125
0 0.5 0.03984375 0.10625 0.075
0 0.64921875 0.040625 0.1203125 0.075
0 0.78125 0.0796875 0.05625 0.0875
0 0.6046875 0.20078125 0.096875 0.165625
0 0.5671875 0.4125 0.09375 0.209375
0 0.54453125 0.69375 0.1140625 0.24375
0 0.69609375 0.7125 0.0171875 0.04375
0 0.64296875 0.72734375 0.021875 0.034375
0 0.73828125 0.484375 0.053125 0.1421875
0 0.82578125 0.46015625 0.1703125 0.228125
0 0.7984375 0.60234375 0.0453125 0.075
0 0.94609375 0.67578125 0.0875 0.0796875
0 0.98046875 0.72265625 0.0359375 0.065625
0 0.86875 0.303125 0.05625 0.0859375
0 0.928125 0.24765625 0.0625 0.1015625
0 0.78359375 0.25390625 0.028125 0.0390625
0 0.646875 0.35 0.028125 0.0390625
0 0.66796875 0.07421875 0.0296875 0.065625
0 0.8015625 0.1890625 0.0296875 0.071875
0 0.05546875 0.18125 0.025 0.0578125
0 0.0109375 0.06015625 0.021875 0.0359375