0 0.17890625 0.23359375 0.0453125 0.021875
0 0.07890625 0.27734375 0.0578125 0.0390625
0 0.0671875 0.33046875 0.134375 0.0484375
0 0.284375 0.19921875 0.090625 0.0671875
0 0.19453125 0.12890625 0.10625 0.04375
0 0.1546875 0.0609375 0.10625 0.0578125
0 0.31484375 0.478125 0.0265625 0.025
0 0.3125 0.14609375 0.0484375 0.03125
0 0.56015625 0.28828125 0.3421875 0.4234375
0 0.75703125 0.0796875 0.0671875 0.0390625
0 0.9578125 0.44609375 0.059375 0.053125
0 0.8296875 0.3875 0.075 0.025
0 0.3046875 0.74453125 0.16875 0.2265625
0 0.0578125 0.7140625 0.046875 0.034375
0 0.459375 0.62421875 0.140625 0.2484375
0 0.74921875 0.7359375 0.1953125 0.284375
0 0.88515625 0.89375 0.1984375 0.2125
0 0.82890625 0.675 0.2921875 0.35
0 0.85234375 0.5515625 0.2953125 0.103125
0 0.5046875 0.89921875 0.21875 0.2015625
0 0.5578125 0.796875 0.271875 0.303125
0 0.41796875 0.746875 0.0578125 0.409375