0 0.00859375 0.44375 0.0171875 0.03125
0 0.1015625 0.09765625 0.034375 0.0359375
0 0.03828125 0.1578125 0.0515625 0.034375
0 0.35625 0.08671875 0.00625 0.0234375
0 0.05703125 0.09140625 0.0359375 0.03125
0 0.13671875 0.071875 0.0265625 0.025
0 0.246875 0.0296875 0.028125 0.01875
0 0.16796875 0.06953125 0.0234375 0.0171875
0 0.00859375 0.38359375 0.0171875 0.0296875
0 0.14609375 0.39921875 0.0296875 0.0265625
0 0.090625 0.15859375 0.021875 0.0296875
0 0.28671875 0.3265625 0.0234375 0.0203125
0 0.41875 0.12265625 0.11875 0.2453125
0 0.565625 0.36015625 0.365625 0.1984375
0 0.8703125 0.3421875 0.259375 0.234375
0 0.61953125 0.14296875 0.228125 0.2765625
0 0.85078125 0.084375 0.1921875 0.16875
0 0.0875 0.63203125 0.175 0.1984375
0 0.02734375 0.821875 0.0546875 0.06875
0 0.15625 0.88359375 0.0375 0.0390625
0 0.25703125 0.534375 0.0328125 0.0359375
0 0.19453125 0.5953125 0.0515625 0.034375
0 0.2125 0.528125 0.0359375 0.028125
0 0.2921875 0.50859375 0.0265625 0.021875
0 0.3234375 0.50625 0.025 0.0171875
0 0.1609375 0.8203125 0.025 0.028125
0 0.3015625 0.834375 0.028125 0.028125
0 0.24609375 0.5953125 0.021875 0.028125
0 0.44609375 0.58359375 0.1734375 0.2484375
0 0.7609375 0.5578125 0.3125 0.196875
0 0.5734375 0.853125 0.415625 0.29375