0 0.35 0.1515625 0.0828125 0.0609375
0 0.52109375 0.64296875 0.0359375 0.0140625
0 0.59296875 0.5125 0.0515625 0.05
0 0.603125 0.4 0.028125 0.040625
0 0.571875 0.3796875 0.065625 0.059375
0 0.365625 0.40625 0.178125 0.121875
0 0.209375 0.49296875 0.059375 0.0609375
0 0.15625 0.37890625 0.06875 0.053125
0 0.075 0.1796875 0.15 0.15625
0 0.03984375 0.2984375 0.0546875 0.021875
0 0.21875 0.215625 0.096875 0.075
0 0.24375 0.36640625 0.09375 0.0609375
0 0.32421875 0.3375 0.0796875 0.059375
0 0.33203125 0.58046875 0.0296875 0.021875
0 0.4796875 0.50859375 0.0484375 0.0296875
0 0.609375 0.56015625 0.01875 0.0265625
0 0.43046875 0.25625 0.0953125 0.040625
0 0.0421875 0.4859375 0.034375 0.01875
0 0.22421875 0.64375 0.0203125 0.0125
0 0.60078125 0.2765625 0.0203125 0.021875
0 0.3328125 0.29375 0.078125 0.0359375
0 0.44375 0.18515625 0.0375 0.021875
0 0.6828125 0.2140625 0.034375 0.01875
0 0.76015625 0.2078125 0.03125 0.0171875
0 0.74765625 0.3546875 0.0671875 0.025
0 0.975 0.4125 0.05 0.1625
0 0.8203125 0.0234375 0.01875 0.0125
0 0.87421875 0.1140625 0.0390625 0.0125
0 0.890625 0.23671875 0.028125 0.0203125
0 0.91875 0.38671875 0.0484375 0.0296875
0 0.63984375 0.56953125 0.03125 0.0296875
0 0.8234375 0.16328125 0.0203125 0.0171875
0 0.940625 0.175 0.0171875 0.0171875
0 0.0484375 0.7140625 0.096875 0.128125
0 0.428125 0.740625 0.23125 0.16875
0 0.571875 0.89765625 0.028125 0.0234375
0 0.97890625 0.8984375 0.0421875 0.203125
0 0.8984375 0.69921875 0.203125 0.0984375
0 0.83984375 0.7703125 0.2203125 0.128125
0 0.70546875 0.728125 0.1734375 0.11875
0 0.7390625 0.665625 0.146875 0.03125
0 0.71953125 0.8828125 0.1953125 0.1109375
0 0.70078125 0.9546875 0.1640625 0.090625
0 0.8859375 0.878125 0.1375 0.128125