0 0.5140625 0.26171875 0.0359375 0.0390625
0 0.46875 0.29296875 0.0359375 0.034375
0 0.31015625 0.34609375 0.0640625 0.115625
0 0.49765625 0.57109375 0.1953125 0.2015625
0 0.44453125 0.76171875 0.0578125 0.0703125
0 0.38671875 0.0328125 0.0296875 0.0234375
0 0.35546875 0.6296875 0.0453125 0.0484375
0 0.57421875 0.8234375 0.0390625 0.0390625
0 0.9484375 0.11640625 0.1015625 0.09375
0 0.853125 0.078125 0.0359375 0.0265625
0 0.80859375 0.10546875 0.04375 0.0390625
0 0.703125 0.16015625 0.0359375 0.034375
0 0.53359375 0.04453125 0.0484375 0.04375
0 0.58046875 0.1625 0.040625 0.0328125
0 0.6765625 0.47265625 0.034375 0.0359375
0 0.61328125 0.5328125 0.0515625 0.034375
0 0.3765625 0.6140625 0.04375 0.0484375
0 0.9421875 0.4625 0.0265625 0.025
0 0.36796875 0.3328125 0.053125 0.0453125
0 0.62265625 0.328125 0.034375 0.034375
0 0.2640625 0.2609375 0.0359375 0.04375
0 0.15859375 0.18515625 0.0328125 0.0296875
0 0.2859375 0.15625 0.0265625 0.0171875
0 0.34140625 0.09765625 0.0234375 0.021875
0 0.4171875 0.13671875 0.0140625 0.0140625
0 0.41953125 0.21171875 0.03125 0.0265625
0 0.4 0.27890625 0.03125 0.0296875
0 0.37265625 0.24375 0.03125 0.0265625
0 0.63203125 0.46640625 0.0359375 0.03125
0 0.71171875 0.446875 0.0265625 0.025
0 0.1984375 0.34765625 0.0265625 0.025
0 0.1453125 0.21875 0.03125 0.021875
0 0.0609375 0.146875 0.0390625 0.0296875
0 0.03515625 0.2640625 0.0390625 0.021875
0 0.1875 0.1390625 0.025 0.0265625
0 0.1609375 0.6546875 0.0296875 0.025
0 0.25 0.7828125 0.021875 0.025
0 0.33984375 0.88203125 0.025 0.021875
0 0.47578125 0.0359375 0.040625 0.0390625
0 0.58671875 0.0625 0.0234375 0.0140625
0 0.29296875 0.2078125 0.021875 0.025
0 0.7328125 0.08046875 0.028125 0.021875
0 0.93515625 0.29921875 0.0265625 0.0296875
0 0.821875 0.4046875 0.0296875 0.0203125
0 0.74296875 0.44453125 0.0234375 0.0171875
0 0.29921875 0.0609375 0.0171875 0.0125
0 0.271875 0.01953125 0.0234375 0.0125
0 0.58046875 0.759375 0.025 0.028125
0 0.72109375 0.77421875 0.028125 0.0265625
0 0.3375 0.80625 0.0390625 0.034375
0 0.053125 0.75 0.0296875 0.025
0 0.4046875 0.915625 0.0296875 0.021875
0 0.665625 0.53359375 0.021875 0.028125
0 0.86171875 0.7015625 0.025 0.0203125
0 0.51171875 0.18515625 0.0921875 0.0265625
0 0.32109375 0.19453125 0.0265625 0.021875
0 0.103125 0.2640625 0.0296875 0.0234375
0 0.07421875 0.26953125 0.03125 0.021875
0 0.05390625 0.18046875 0.025 0.0328125
0 0.053125 0.22734375 0.0265625 0.025