0 0.421875 0.1296875 0.08125 0.059375
0 0.4140625 0.38359375 0.13125 0.1234375
0 0.28125 0.47109375 0.0609375 0.059375
0 0.01484375 0.490625 0.0296875 0.040625
0 0.046875 0.446875 0.0875 0.0671875
0 0.228125 0.35703125 0.0671875 0.053125
0 0.0421875 0.375 0.08125 0.040625
0 0.01015625 0.35390625 0.0203125 0.0828125
0 0.14375 0.15859375 0.159375 0.15625
0 0.009375 0.1203125 0.01875 0.040625
0 0.11171875 0.2765625 0.0546875 0.021875
0 0.290625 0.19375 0.096875 0.075
0 0.315625 0.34453125 0.09375 0.0609375
0 0.39609375 0.315625 0.0796875 0.0609375
0 0.46640625 0.234375 0.0265625 0.040625
0 0.1140625 0.4640625 0.034375 0.01875
0 0.4046875 0.271875 0.0796875 0.0359375
0 0.0296875 0.2921875 0.059375 0.04375
0 0.8671875 0.09921875 0.0625 0.0640625
0 0.79140625 0.03203125 0.0671875 0.0453125
0 0.559375 0.03203125 0.05625 0.0453125
0 0.61015625 0.09921875 0.0515625 0.0296875
0 0.496875 0.2890625 0.034375 0.040625
0 0.56953125 0.23828125 0.071875 0.0421875
0 0.80390625 0.41875 0.1796875 0.1609375
0 0.77109375 0.1125 0.0390625 0.0453125
0 0.9265625 0.35 0.0875 0.040625
0 0.7859375 0.271875 0.04375 0.0171875
0 0.93828125 0.2578125 0.040625 0.021875
0 0.96953125 0.225 0.021875 0.0265625
0 0.8640625 0.22265625 0.021875 0.0203125
0 0.66171875 0.15703125 0.0359375 0.0296875
0 0.0359375 0.96484375 0.071875 0.0703125
0 0.4125 0.96484375 0.134375 0.0703125
0 0.1375 0.984375 0.0875 0.03125
0 0.28984375 0.97734375 0.1359375 0.0453125
0 0.23984375 0.75625 0.4796875 0.475
0 0.6640625 0.59609375 0.196875 0.1546875
0 0.5078125 0.796875 0.05625 0.071875
0 0.93125 0.80703125 0.1375 0.2609375
0 0.76484375 0.9203125 0.0640625 0.0375
0 0.49921875 0.93671875 0.0390625 0.1265625
0 0.51328125 0.703125 0.0671875 0.059375
0 0.85859375 0.578125 0.2640625 0.11875
0 0.8140625 0.79921875 0.059375 0.040625