0 0.04765625 0.30625 0.075 0.0703125
0 0.06484375 0.08046875 0.0984375 0.1609375
0 0.14921875 0.053125 0.0859375 0.10625
0 0.14609375 0.23046875 0.0484375 0.1046875
0 0.24765625 0.01875 0.0953125 0.0375
0 0.2109375 0.1671875 0.09375 0.209375
0 0.18828125 0.4484375 0.1140625 0.24375
0 0.33984375 0.4671875 0.0171875 0.04375
0 0.28671875 0.48203125 0.021875 0.0328125
0 0.38203125 0.2390625 0.053125 0.1421875
0 0.290625 0.1046875 0.028125 0.0375
0 0.98359375 0.09609375 0.0328125 0.0296875
0 0.709375 0.07109375 0.06875 0.0453125
0 0.88984375 0.2609375 0.053125 0.05625
0 0.8359375 0.39296875 0.075 0.0578125
0 0.48125 0.20546875 0.08125 0.0546875
0 0.7046875 0.79453125 0.590625 0.4109375