0 0.12109375 0.53203125 0.2140625 0.0546875
0 0.465625 0.31484375 0.09375 0.0671875
0 0.3203125 0.49921875 0.19375 0.1203125
0 0.17109375 0.49140625 0.0671875 0.040625
0 0.25546875 0.01796875 0.0421875 0.0359375
0 0.1046875 0.05625 0.11875 0.0796875
0 0.22265625 0.31953125 0.0546875 0.0296875
0 0.30703125 0.1484375 0.0703125 0.05625
0 0.47421875 0.19296875 0.0359375 0.0296875
0 0.2453125 0.234375 0.053125 0.046875
0 0.14609375 0.28203125 0.0546875 0.0546875
0 0.528125 0.4625 0.04375 0.0375
0 0.44609375 0.43359375 0.03125 0.0421875
0 0.3921875 0.04765625 0.046875 0.0453125
0 0.7171875 0.03984375 0.184375 0.0796875
0 0.95859375 0.18203125 0.0828125 0.2703125
0 0.8765625 0.12421875 0.196875 0.2265625
0 0.76953125 0.44140625 0.3203125 0.2359375
0 0.10390625 0.7796875 0.2078125 0.440625
0 0.48046875 0.7796875 0.2578125 0.440625
0 0.72578125 0.575 0.1984375 0.03125
0 0.80859375 0.63203125 0.2453125 0.1453125
0 0.85703125 0.71953125 0.2859375 0.1703125
0 0.7 0.85546875 0.18125 0.1703125
0 0.88671875 0.94921875 0.2265625 0.1015625
0 0.7296875 0.96953125 0.240625 0.0609375