0 0.2765625 0.05234375 0.065625 0.1046875
0 0.3046875 0.33046875 0.009375 0.0484375
0 0.165625 0.04921875 0.028125 0.0234375
0 0.128125 0.35625 0.028125 0.025
0 0.2171875 0.484375 0.021875 0.025
0 0.296875 0.50703125 0.025 0.0328125
0 0.0203125 0.4515625 0.028125 0.025
0 0.81171875 0.06875 0.0359375 0.0375
0 0.765625 0.1 0.0359375 0.034375
0 0.60859375 0.153125 0.065625 0.115625
0 0.80078125 0.3765625 0.1796875 0.2
0 0.74140625 0.55 0.0578125 0.0375
0 0.97265625 0.278125 0.0328125 0.0359375
0 0.91015625 0.3390625 0.0515625 0.034375
0 0.66484375 0.13984375 0.053125 0.0453125
0 0.91875 0.13359375 0.034375 0.034375
0 0.56171875 0.0671875 0.0359375 0.04375
0 0.45546875 0.003125 0.0328125 0.00625
0 0.71640625 0.01796875 0.03125 0.0265625
0 0.69765625 0.08515625 0.03125 0.0296875
0 0.66953125 0.05078125 0.0296875 0.0265625
0 0.928125 0.271875 0.0359375 0.028125
0 0.996875 0.2515625 0.00625 0.021875
0 0.496875 0.15390625 0.028125 0.0234375
0 0.44375 0.025 0.0296875 0.021875
0 0.459375 0.46015625 0.028125 0.0234375
0 0.59140625 0.01484375 0.021875 0.0234375
0 0.87578125 0.55859375 0.0234375 0.0203125
0 0.3515625 0.55546875 0.028125 0.0234375
0 0.96171875 0.3390625 0.021875 0.028125
0 0.61796875 0.00625 0.0265625 0.0125
0 0.4015625 0.07109375 0.028125 0.0234375
0 0.121875 0.5765625 0.03125 0.015625
0 0.12265625 0.75546875 0.0390625 0.0390625
0 0.20078125 0.86796875 0.0625 0.0578125
0 0.203125 0.9140625 0.0890625 0.0484375
0 0.69140625 0.63984375 0.5453125 0.1421875
0 0.84140625 0.83984375 0.3171875 0.3203125
0 0.44921875 0.784375 0.2796875 0.43125