0 0.6 0.16484375 0.06875 0.103125
0 0.696875 0.18671875 0.065625 0.1203125
0 0.18203125 0.009375 0.0578125 0.01875
0 0.41640625 0.05625 0.0578125 0.08125
0 0.01640625 0.178125 0.021875 0.0671875
0 0.23046875 0.10703125 0.0296875 0.0515625
0 0.70859375 0.33359375 0.0265625 0.0328125
0 0.61328125 0.30390625 0.0484375 0.0609375
0 0.20234375 0.0640625 0.0140625 0.034375
0 0.4453125 0.2828125 0.0203125 0.0515625
0 0.39375 0.2921875 0.0359375 0.03125
0 0.47421875 0.1578125 0.0234375 0.025
0 0.5453125 0.05625 0.0171875 0.021875
0 0.0640625 0.18984375 0.034375 0.0359375
0 0.690625 0.125 0.021875 0.06875
0 0.6953125 0.03984375 0.0203125 0.0578125
0 0.86484375 0.2265625 0.2703125 0.246875
0 0.20625 0.384375 0.06875 0.05625
0 0.12890625 0.50390625 0.0609375 0.071875
0 0.08828125 0.63671875 0.0625 0.0484375
0 0.1390625 0.73984375 0.034375 0.0234375
0 0.5875 0.553125 0.0484375 0.05
0 0.42578125 0.66015625 0.0609375 0.0390625
0 0.34921875 0.51875 0.0328125 0.028125
0 0.25546875 0.56796875 0.03125 0.021875
0 0.36875 0.93203125 0.23125 0.1359375
0 0.62890625 0.928125 0.0359375 0.034375
0 0.61015625 0.88984375 0.028125 0.0265625
0 0.6421875 0.86484375 0.0375 0.0296875
0 0.0921875 0.98125 0.034375 0.0359375
0 0.12421875 0.4703125 0.0390625 0.0265625
0 0.23984375 0.675 0.03125 0.021875
0 0.42109375 0.7359375 0.0265625 0.025
0 0.80625 0.54921875 0.153125 0.1703125
0 0.87265625 0.98984375 0.0859375 0.0203125
0 0.978125 0.75703125 0.04375 0.0328125
0 0.9921875 0.38984375 0.015625 0.0359375