0 0.3484375 0.40234375 0.084375 0.0953125
0 0.2296875 0.4078125 0.065625 0.084375
0 0.3609375 0.19140625 0.06875 0.103125
0 0.46015625 0.2140625 0.0703125 0.121875
0 0.17734375 0.0828125 0.0578125 0.0828125
0 0.51875 0.0453125 0.040625 0.090625
0 0.4703125 0.3703125 0.0265625 0.053125
0 0.08984375 0.40859375 0.0328125 0.0484375
0 0.37421875 0.33046875 0.0484375 0.0609375
0 0.20625 0.309375 0.01875 0.05
0 0.1546875 0.31875 0.0359375 0.03125
0 0.23515625 0.184375 0.025 0.0265625
0 0.30625 0.0828125 0.0171875 0.021875
0 0.4515625 0.1515625 0.021875 0.06875
0 0.45625 0.06640625 0.01875 0.0578125
0 0.7171875 0.053125 0.25 0.10625
0 0.6453125 0.28125 0.2125 0.271875
0 0.7953125 0.38671875 0.21875 0.1265625
0 0.93125 0.29453125 0.096875 0.3109375
0 0.96875 0.2734375 0.0625 0.353125
0 0.60390625 0.4234375 0.1015625 0.053125
0 0.80703125 0.15625 0.1875 0.259375
0 0.44296875 0.92890625 0.1421875 0.084375
0 0.521875 0.63828125 0.034375 0.0765625
0 0.34453125 0.62265625 0.2859375 0.2921875
0 0.21015625 0.4703125 0.0734375 0.040625
0 0.109375 0.575 0.046875 0.053125
0 0.03671875 0.54609375 0.03125 0.040625
0 0.34609375 0.9875 0.1484375 0.025
0 0.5078125 0.80078125 0.0390625 0.034375
0 0.01015625 0.803125 0.0203125 0.03125
0 0.390625 0.465625 0.096875 0.03125
0 0.78046875 0.77421875 0.4390625 0.4515625