0 0.153125 0.39453125 0.2140625 0.1578125
0 0.33671875 0.31171875 0.1640625 0.1265625
0 0.20234375 0.30078125 0.0671875 0.040625
0 0.25390625 0.12890625 0.0546875 0.0296875
0 0.2765625 0.04375 0.053125 0.0453125
0 0.17734375 0.09140625 0.05625 0.05625
0 0.6078125 0.453125 0.090625 0.0625
0 0.80859375 0.4953125 0.0359375 0.0375
0 0.421875 0.30078125 0.00625 0.0203125
0 0.49609375 0.2953125 0.03125 0.021875
0 0.4453125 0.359375 0.025 0.0265625
0 0.7515625 0.4359375 0.0390625 0.025
0 0.58828125 0.42421875 0.0546875 0.0484375
0 0.8515625 0.375 0.03125 0.021875
0 0.0328125 0.72421875 0.065625 0.0390625
0 0.03515625 0.83125 0.0703125 0.096875
0 0.3703125 0.975 0.096875 0.05
0 0.3296875 0.84453125 0.178125 0.2359375
0 0.2296875 0.86953125 0.109375 0.1515625
0 0.40078125 0.55625 0.0359375 0.075
0 0.38125 0.62421875 0.075 0.040625
0 0.2609375 0.68828125 0.0484375 0.0453125
0 0.81640625 0.58046875 0.2578125 0.1234375
0 0.55859375 0.984375 0.1671875 0.03125
0 0.50234375 0.5609375 0.0453125 0.034375