0 0.271875 0.065625 0.146875 0.13125
0 0.43828125 0.09453125 0.0296875 0.0234375
0 0.32890625 0.4453125 0.0359375 0.0375
0 0.3875 0.38046875 0.0984375 0.071875
0 0.1875 0.103125 0.046875 0.034375
0 0.21484375 0.3375 0.0296875 0.025
0 0.9359375 0.40234375 0.128125 0.2546875
0 0.93828125 0.1078125 0.1234375 0.215625
0 0.73203125 0.1078125 0.2078125 0.215625
0 0.72734375 0.40078125 0.2015625 0.2578125
0 0.3140625 0.6125 0.190625 0.1125
0 0.03515625 0.61875 0.0359375 0.0359375
0 0.43984375 0.73203125 0.2796875 0.1390625
0 0.56953125 0.57578125 0.0203125 0.0390625
0 0.46640625 0.6015625 0.0453125 0.0296875
0 0.32578125 0.86171875 0.0484375 0.034375
0 0.25859375 0.89765625 0.0515625 0.0203125
0 0.28046875 0.80234375 0.0578125 0.0125
0 0.4953125 0.659375 0.0609375 0.034375
0 0.5453125 0.7 0.06875 0.040625
0 0.55625 0.61796875 0.046875 0.0234375
0 0.9125 0.92578125 0.0625 0.0515625
0 0.96328125 0.82109375 0.0703125 0.0578125
0 0.73203125 0.80625 0.0359375 0.034375
0 0.71328125 0.76796875 0.028125 0.0265625
0 0.7453125 0.74296875 0.0390625 0.028125
0 0.928125 0.75390625 0.0515625 0.0203125
0 0.934375 0.6453125 0.04375 0.034375
0 0.92421875 0.98671875 0.0546875 0.0265625
0 0.82734375 0.96640625 0.03125 0.0390625
0 0.91875 0.6203125 0.040625 0.0390625