0 0.2484375 0.3296875 0.0375 0.028125
0 0.3203125 0.19140625 0.0515625 0.0515625
0 0.3296875 0.078125 0.028125 0.040625
0 0.2984375 0.0578125 0.065625 0.059375
0 0.0921875 0.084375 0.178125 0.121875
0 0.05078125 0.02265625 0.0796875 0.0453125
0 0.05859375 0.25859375 0.0296875 0.021875
0 0.20625 0.18671875 0.0484375 0.0296875
0 0.3421875 0.23828125 0.03125 0.0265625
0 0.396875 0.24453125 0.04375 0.0390625
0 0.34296875 0.34609375 0.0359375 0.0265625
0 0.384375 0.0171875 0.0375 0.01875
0 0.46171875 0.25078125 0.0859375 0.2015625
0 0.71953125 0.26953125 0.0640625 0.0453125
0 0.43515625 0.08046875 0.0328125 0.0234375
0 0.4984375 0.03203125 0.0359375 0.0171875
0 0.63671875 0.0484375 0.0453125 0.025
0 0.209375 0.6796875 0.41875 0.640625
0 0.203125 0.7734375 0.40625 0.453125
0 0.99296875 0.76953125 0.0140625 0.0765625
0 0.82578125 0.746875 0.2859375 0.278125
0 0.6921875 0.5890625 0.075 0.0671875
0 0.590625 0.70625 0.046875 0.053125
0 0.51796875 0.67734375 0.03125 0.040625
0 0.8890625 0.37265625 0.0875 0.0265625
0 0.57578125 0.4375 0.0640625 0.065625
0 0.984375 0.93125 0.03125 0.034375
0 0.47734375 0.934375 0.0484375 0.03125
0 0.63125 0.3765625 0.040625 0.034375
0 0.4796875 0.50546875 0.0390625 0.04375
0 0.4859375 0.39375 0.03125 0.0359375
0 0.5953125 0.503125 0.0203125 0.0234375
0 0.87265625 0.5953125 0.0953125 0.0359375
0 0.42734375 0.590625 0.0171875 0.03125