0 0.08046875 0.13359375 0.1609375 0.1984375
0 0.0203125 0.3234375 0.040625 0.06875
0 0.1421875 0.38515625 0.0375 0.0390625
0 0.24296875 0.0359375 0.0328125 0.0359375
0 0.18046875 0.096875 0.0515625 0.034375
0 0.1984375 0.0296875 0.0359375 0.028125
0 0.27734375 0.01015625 0.0265625 0.0203125
0 0.39296875 0.42265625 0.0140625 0.0296875
0 0.30859375 0.0078125 0.0234375 0.015625
0 0.146875 0.321875 0.025 0.028125
0 0.2875 0.3359375 0.028125 0.028125
0 0.23203125 0.096875 0.021875 0.028125
0 0.51640625 0.1359375 0.2328125 0.271875
0 0.4296875 0.3125 0.059375 0.278125
0 0.57109375 0.3921875 0.2609375 0.315625
0 0.71796875 0.17578125 0.2046875 0.3125
0 0.89765625 0.15390625 0.2046875 0.3078125
0 0.84765625 0.41015625 0.3046875 0.2796875
0 0.34453125 0.6328125 0.1109375 0.165625
0 0.10390625 0.634375 0.0453125 0.034375
0 0.97890625 0.59609375 0.0421875 0.0359375
0 0.640625 0.88359375 0.125 0.0578125
0 0.54453125 0.8953125 0.0734375 0.046875
0 0.890625 0.9828125 0.1 0.034375
0 0.97578125 0.85234375 0.0484375 0.0359375
0 0.690625 0.8390625 0.05 0.021875
0 0.66953125 0.76484375 0.0484375 0.03125
0 0.75625 0.99296875 0.04375 0.0140625
0 0.84453125 0.953125 0.053125 0.034375
0 0.45546875 0.78125 0.0234375 0.0265625
0 0.421875 0.8859375 0.0296875 0.0359375