0 0.1984375 0.3109375 0.0375 0.028125
0 0.2703125 0.17265625 0.0515625 0.0515625
0 0.2796875 0.059375 0.028125 0.040625
0 0.2484375 0.0390625 0.065625 0.059375
0 0.065625 0.06484375 0.13125 0.1234375
0 0.0203125 0.01328125 0.040625 0.0265625
0 0.0109375 0.2390625 0.021875 0.021875
0 0.15625 0.16796875 0.0484375 0.0296875
0 0.2921875 0.21953125 0.03125 0.0265625
0 0.35546875 0.2265625 0.0609375 0.0375
0 0.29296875 0.328125 0.0359375 0.028125
0 0.01171875 0.4203125 0.0234375 0.03125
0 0.08515625 0.421875 0.0578125 0.025
0 0.11171875 0.3734375 0.0234375 0.025
0 0.33359375 0.00390625 0.0390625 0.0078125
0 0.4890625 0.29140625 0.159375 0.3546875
0 0.46328125 0.10625 0.1078125 0.20625
0 0.7046875 0.18984375 0.278125 0.290625
0 0.6125 0.39453125 0.15 0.1890625
0 0.71328125 0.40078125 0.2546875 0.1765625
0 0.8875 0.434375 0.146875 0.109375
0 0.91015625 0.15703125 0.1796875 0.2765625
0 0.96171875 0.3828125 0.0765625 0.2125
0 0.94609375 0.23515625 0.1078125 0.2703125
0 0.2046875 0.74453125 0.409375 0.5109375
0 0.7046875 0.74453125 0.590625 0.5109375
0 0.97421875 0.56953125 0.0515625 0.1609375
0 0.58671875 0.76484375 0.1328125 0.303125
0 0.81171875 0.58359375 0.0640625 0.0796875