0 0.27265625 0.26796875 0.0453125 0.021875
0 0.17265625 0.31171875 0.0578125 0.0390625
0 0.15 0.36484375 0.15625 0.0484375
0 0.01328125 0.29140625 0.0265625 0.0296875
0 0.3703125 0.23359375 0.078125 0.0671875
0 0.28828125 0.16328125 0.10625 0.04375
0 0.2484375 0.0953125 0.10625 0.0578125
0 0.3953125 0.1796875 0.028125 0.03125
0 0.71640625 0.31328125 0.1421875 0.084375
0 0.8921875 0.203125 0.0875 0.0796875
0 0.809375 0.03046875 0.0625 0.0609375
0 0.61796875 0.0765625 0.2859375 0.153125
0 0.9015625 0.13359375 0.059375 0.0390625
0 0.61953125 0.37421875 0.1484375 0.0296875
0 0.78125 0.18515625 0.0375 0.0328125
0 0.10234375 0.55234375 0.1984375 0.2796875
0 0.3296875 0.5515625 0.159375 0.271875
0 0.33359375 0.87109375 0.1515625 0.2578125
0 0.11328125 0.87109375 0.2078125 0.2578125
0 0.7234375 0.5390625 0.1125 0.06875
0 0.9515625 0.6640625 0.096875 0.165625
0 0.86328125 0.8078125 0.134375 0.13125
0 0.7875 0.83359375 0.0796875 0.0578125
0 0.77890625 0.8671875 0.0953125 0.05
0 0.65390625 0.78671875 0.040625 0.0265625
0 0.5828125 0.63125 0.0625 0.04375
0 0.87734375 0.9328125 0.1109375 0.075
0 0.79921875 0.94375 0.0984375 0.06875
0 0.74453125 0.9921875 0.1171875 0.015625
0 0.43515625 0.8046875 0.0515625 0.065625
0 0.65703125 0.4171875 0.0703125 0.05625
0 0.59609375 0.41953125 0.1203125 0.0609375
0 0.775 0.42265625 0.071875 0.0671875
0 0.50078125 0.9890625 0.1171875 0.021875
0 0.615625 0.96796875 0.125 0.0640625
0 0.47890625 0.6609375 0.1390625 0.121875
0 0.46796875 0.95234375 0.0953125 0.0578125
0 0.75625 0.60390625 0.0484375 0.0328125