0 0.03515625 0.4765625 0.0703125 0.15
0 0.16328125 0.51484375 0.0296875 0.0234375
0 0.396875 0.09375 0.05625 0.04375
0 0.75390625 0.4640625 0.10625 0.1234375
0 0.62421875 0.275 0.1796875 0.1609375
0 0.746875 0.20625 0.0859375 0.040625
0 0.60625 0.128125 0.04375 0.0171875
0 0.75859375 0.1140625 0.040625 0.021875
0 0.78984375 0.08125 0.021875 0.0265625
0 0.684375 0.07890625 0.021875 0.0203125
0 0.39453125 0.38671875 0.0484375 0.034375
0 0.48203125 0.01328125 0.0359375 0.0265625
0 0.19765625 0.6625 0.0671875 0.025
0 0.35625 0.69375 0.025 0.028125
0 0.08984375 0.87734375 0.03125 0.0296875
0 0.12734375 0.9875 0.0359375 0.025
0 0.06484375 0.97578125 0.053125 0.0265625
0 0.046875 0.7703125 0.0359375 0.0234375
0 0.49375 0.7625 0.096875 0.103125
0 0.39765625 0.75625 0.0453125 0.059375
0 0.9875 0.81875 0.025 0.125
0 0.55625 0.846875 0.0578125 0.0359375