0 0.34609375 0.51875 0.1765625 0.0625
0 0.0625 0.028125 0.03125 0.05625
0 0.24140625 0.0515625 0.0578125 0.0515625
0 0.07578125 0.2359375 0.021875 0.0671875
0 0.28984375 0.16484375 0.0296875 0.0515625
0 0.14453125 0.0265625 0.0484375 0.053125
0 0.10703125 0.0203125 0.0390625 0.040625
0 0.07578125 0.00859375 0.0328125 0.0171875
0 0.23359375 0.50390625 0.0671875 0.0921875
0 0.38828125 0.43984375 0.0328125 0.0484375
0 0.26171875 0.121875 0.0140625 0.034375
0 0.00703125 0.4703125 0.0140625 0.10625
0 0.1234375 0.24765625 0.034375 0.0359375
0 0.5984375 0.14453125 0.0359375 0.0390625
0 0.553125 0.17578125 0.0359375 0.0328125
0 0.58125 0.4515625 0.19375 0.196875
0 0.45078125 0.51171875 0.0234375 0.0484375
0 0.7875 0.04296875 0.0375 0.0328125
0 0.66484375 0.0453125 0.040625 0.034375
0 0.7609375 0.35546875 0.034375 0.0359375
0 0.69765625 0.415625 0.0515625 0.034375
0 0.4609375 0.496875 0.04375 0.0484375
0 0.45859375 0.21484375 0.0390625 0.0453125
0 0.70703125 0.2109375 0.0328125 0.034375
0 0.5015625 0.01953125 0.015625 0.0140625
0 0.50390625 0.09453125 0.03125 0.0265625
0 0.484375 0.16171875 0.03125 0.0296875
0 0.45703125 0.1265625 0.03125 0.025
0 0.71640625 0.34921875 0.0359375 0.03125
0 0.79609375 0.3296875 0.0265625 0.025
0 0.90625 0.2875 0.028125 0.01875
0 0.82734375 0.32734375 0.0234375 0.0171875
0 0.75 0.41640625 0.021875 0.0296875
0 0.59609375 0.06796875 0.090625 0.0265625
0 0.42109375 0.86640625 0.0359375 0.1796875
0 0.2671875 0.696875 0.16875 0.175
0 0.3828125 0.69609375 0.1125 0.2640625
0 0.33203125 0.5859375 0.1265625 0.071875
0 0.153125 0.609375 0.30625 0.11875
0 0.34453125 0.9734375 0.1890625 0.053125
0 0.16484375 0.9546875 0.1765625 0.090625
0 0.046875 0.97890625 0.065625 0.0421875
0 0.65078125 0.70625 0.3078125 0.3125
0 0.55546875 0.909375 0.2328125 0.18125
0 0.771875 0.8703125 0.271875 0.246875
0 0.78515625 0.9125 0.2859375 0.175
0 0.92265625 0.8125 0.1546875 0.375