0 0.359375 0.74296875 0.2140625 0.159375
0 0.790625 0.8265625 0.1015625 0.0453125
0 0.9734375 0.3078125 0.053125 0.0578125
0 0.9578125 0.4375 0.0828125 0.071875
0 0.703125 0.47265625 0.09375 0.0671875
0 0.55859375 0.6609375 0.1953125 0.128125
0 0.40859375 0.64921875 0.0671875 0.040625
0 0.49375 0.17421875 0.04375 0.040625
0 0.3421875 0.2140625 0.11875 0.0796875
0 0.46015625 0.47734375 0.05625 0.0296875
0 0.54453125 0.30625 0.0703125 0.0546875
0 0.71171875 0.35078125 0.0359375 0.0296875
0 0.4828125 0.3921875 0.053125 0.0453125
0 0.38359375 0.43984375 0.0546875 0.05625
0 0.865625 0.16796875 0.0609375 0.0703125
0 0.765625 0.6203125 0.04375 0.0390625
0 0.68359375 0.59140625 0.03125 0.04375
0 0.84375 0.86640625 0.0671875 0.0390625
0 0.6296875 0.20546875 0.0484375 0.0453125
0 0.11875 0.828125 0.0625 0.0484375
0 0.08203125 0.5421875 0.0390625 0.0515625
0 0.20546875 0.92890625 0.0625 0.075
0 0.27109375 0.37890625 0.30625 0.140625
0 0.87109375 0.24609375 0.2578125 0.0796875
0 0.2453125 0.07890625 0.38125 0.1171875
0 0.5703125 0.04140625 0.0453125 0.0359375
0 0.7625 0.1015625 0.0546875 0.046875
0 0.58515625 0.77265625 0.121875 0.0765625
0 0.9578125 0.665625 0.08125 0.0625
0 0.86953125 0.03515625 0.034375 0.040625
0 0.67265625 0.01796875 0.0296875 0.025
0 0.2890625 0.575 0.084375 0.0515625
0 0.04765625 0.21171875 0.0546875 0.0328125
0 0.6765625 0.8484375 0.090625 0.040625
0 0.515625 0.4546875 0.075 0.0359375
0 0.5953125 0.403125 0.040625 0.0375
0 0.89765625 0.54140625 0.2046875 0.103125
0 0.1625 0.73125 0.0609375 0.0328125
0 0.96640625 0.76484375 0.059375 0.0359375
0 0.73359375 0.196875 0.065625 0.0484375
0 0.440625 0.29140625 0.034375 0.0328125
0 0.59296875 0.33125 0.046875 0.0359375
0 0.35234375 0.49609375 0.04375 0.0296875
0 0.4734375 0.5640625 0.05625 0.0359375
0 0.3875 0.6 0.0578125 0.04375
0 0.17265625 0.546875 0.059375 0.05625
0 0.2609375 0.1703125 0.0515625 0.0453125
0 0.665625 0.73359375 0.0546875 0.0515625
0 0.94140625 0.90625 0.0453125 0.0625