0 0.359375 0.74296875 0.2140625 0.159375
0 0.790625 0.8265625 0.1015625 0.0453125
0 0.9734375 0.3078125 0.053125 0.0578125
0 0.9578125 0.4375 0.0828125 0.071875
0 0.703125 0.47265625 0.09375 0.0671875
0 0.55859375 0.6609375 0.1953125 0.128125
0 0.40859375 0.64921875 0.0671875 0.040625
0 0.49375 0.17421875 0.04375 0.040625
0 0.3421875 0.2140625 0.11875 0.0796875
0 0.46015625 0.47734375 0.05625 0.0296875
0 0.54453125 0.30625 0.0703125 0.0546875
0 0.71171875 0.35078125 0.0359375 0.0296875
0 0.4828125 0.3921875 0.053125 0.0453125
0 0.38359375 0.43984375 0.0546875 0.05625
0 0.865625 0.16796875 0.0609375 0.0703125
0 0.765625 0.6203125 0.04375 0.0390625
0 0.68359375 0.59140625 0.03125 0.04375
0 0.84375 0.86640625 0.0671875 0.0390625
0 0.6296875 0.20546875 0.0484375 0.0453125
0 0.11875 0.828125 0.0625 0.0484375
0 0.08203125 0.5421875 0.0390625 0.0515625
0 0.20546875 0.92890625 0.0625 0.075