0 0.26953125 0.2359375 0.084375 0.1625
0 0.496875 0.28203125 0.053125 0.0734375
0 0.028125 0.35703125 0.05625 0.2046875
0 0.15078125 0.23828125 0.0640625 0.146875
0 0.28046875 0.0203125 0.0703125 0.040625
0 0.3796875 0.0359375 0.06875 0.071875
0 0.52734375 0.0234375 0.0921875 0.046875
0 0.53046875 0.14765625 0.0984375 0.1453125
0 0.30703125 0.425 0.0265625 0.059375
0 0.390625 0.16875 0.028125 0.053125
0 0.01328125 0.20703125 0.0265625 0.0484375
0 0.3671875 0.3421875 0.0609375 0.0953125
0 0.29453125 0.12890625 0.0484375 0.0609375
0 0.18203125 0.43828125 0.025 0.0390625
0 0.1265625 0.1078125 0.01875 0.05
0 0.075 0.1171875 0.0359375 0.03125
0 0.50078125 0.45078125 0.0171875 0.0171875
0 0.503125 0.40078125 0.0171875 0.0171875
0 0.115625 0.3203125 0.034375 0.03125
0 0.22421875 0.3578125 0.0203125 0.025
0 0.47265625 0.2734375 0.0203125 0.0265625
0 0.865625 0.134375 0.08125 0.03125
0 0.95625 0.2671875 0.0796875 0.034375
0 0.66484375 0.04609375 0.053125 0.0359375
0 0.6 0.4375 0.040625 0.04375
0 0.66015625 0.30234375 0.0578125 0.0359375
0 0.85859375 0.0078125 0.0640625 0.015625
0 0.49609375 0.6984375 0.1671875 0.478125
0 0.20546875 0.66328125 0.4109375 0.4078125
0 0.74296875 0.9078125 0.1046875 0.1109375
0 0.64140625 0.73828125 0.1234375 0.1453125
0 0.734375 0.67578125 0.0875 0.0359375
0 0.75 0.59140625 0.040625 0.0203125
0 0.77890625 0.56171875 0.021875 0.0265625
0 0.67578125 0.56015625 0.021875 0.0171875