0 0.02734375 0.23671875 0.0546875 0.1078125
0 0.1546875 0.1734375 0.24375 0.215625
0 0.0625 0.0546875 0.125 0.109375
0 0.28125 0.021875 0.240625 0.04375
0 0.3734375 0.1 0.071875 0.0375
0 0.365625 0.20703125 0.1 0.0953125
0 0.56328125 0.24453125 0.0921875 0.1515625
0 0.59453125 0.06328125 0.0296875 0.0453125
0 0.66484375 0.05390625 0.1109375 0.1078125
0 0.7484375 0.15 0.1421875 0.23125
0 0.87578125 0.06875 0.1515625 0.1375
0 0.92578125 0.196875 0.1234375 0.228125
0 0.74765625 0.31796875 0.1796875 0.1015625
0 0.64140625 0.25078125 0.0640625 0.2359375
0 0.46875 0.9203125 0.28125 0.159375
0 0.5515625 0.709375 0.034375 0.028125
0 0.01484375 0.715625 0.0296875 0.021875
0 0.91015625 0.4375 0.0359375 0.0390625
0 0.8640625 0.46875 0.0359375 0.034375
0 0.70703125 0.521875 0.0640625 0.115625
0 0.89921875 0.7453125 0.18125 0.2
0 0.840625 0.93515625 0.0578125 0.0703125
0 0.96953125 0.98828125 0.0390625 0.0234375
0 0.99140625 0.70703125 0.0171875 0.0328125
0 0.76328125 0.50859375 0.053125 0.0453125
0 0.66015625 0.4359375 0.0359375 0.04375
0 0.81484375 0.38671875 0.03125 0.0265625
0 0.79609375 0.45390625 0.03125 0.0296875
0 0.76796875 0.41953125 0.028125 0.0265625
0 0.68984375 0.38359375 0.021875 0.0234375
0 0.975 0.9328125 0.025 0.0296875
0 0.71640625 0.375 0.0265625 0.0125