0 0.11953125 0.0390625 0.0359375 0.0390625
0 0.0734375 0.0703125 0.0359375 0.034375
0 0.10859375 0.346875 0.1796875 0.2
0 0.05 0.53671875 0.0578125 0.0703125
0 0.17890625 0.5890625 0.0390625 0.021875
0 0.28046875 0.2484375 0.0328125 0.0359375
0 0.21796875 0.309375 0.0515625 0.034375
0 0.2265625 0.10390625 0.034375 0.0328125
0 0.01015625 0.0546875 0.0203125 0.028125
0 0.2359375 0.2421875 0.0359375 0.028125
0 0.315625 0.22265625 0.0265625 0.021875
0 0.42578125 0.18046875 0.0296875 0.0203125
0 0.346875 0.2203125 0.025 0.0171875
0 0.184375 0.534375 0.025 0.028125
0 0.325 0.5484375 0.028125 0.028125
0 0.26953125 0.309375 0.021875 0.028125
0 0.45625 0.4765625 0.00625 0.01875
0 0.79921875 0.46953125 0.084375 0.1625
0 0.52265625 0.54296875 0.1265625 0.1140625
0 0.68046875 0.471875 0.0640625 0.14375
0 0.8109375 0.23515625 0.06875 0.0828125
0 0.62734375 0.11484375 0.0578125 0.0828125
0 0.53984375 0.4390625 0.0328125 0.05
0 0.89375 0.57109375 0.05625 0.0578125
0 0.82421875 0.3625 0.0484375 0.059375
0 0.65625 0.340625 0.01875 0.05
0 0.6046875 0.35 0.0359375 0.03125
0 0.6453125 0.553125 0.034375 0.03125
0 0.68515625 0.215625 0.0234375 0.028125
0 0.75625 0.11484375 0.01875 0.021875
0 0.753125 0.5890625 0.01875 0.021875
0 0.053125 0.84140625 0.10625 0.0546875
0 0.1671875 0.76015625 0.034375 0.0203125
0 0.24375 0.75390625 0.03125 0.0171875
0 0.23203125 0.90234375 0.0671875 0.0234375
0 0.3578125 0.66015625 0.0390625 0.0125
0 0.375 0.7828125 0.028125 0.01875
0 0.40234375 0.93359375 0.0484375 0.0296875
0 0.3078125 0.709375 0.01875 0.01875
0 0.42578125 0.721875 0.0171875 0.015625
0 0.015625 0.94375 0.01875 0.025
0 0.0140625 0.8921875 0.028125 0.03125
0 0.75625 0.7390625 0.3015625 0.221875
0 0.54765625 0.80078125 0.1765625 0.1828125
0 0.9265625 0.7109375 0.146875 0.221875
0 0.8796875 0.8078125 0.2 0.128125
0 0.91953125 0.89765625 0.1609375 0.1734375
0 0.93359375 0.95703125 0.1328125 0.0859375
0 0.61796875 0.9234375 0.3171875 0.153125