0 0.18203125 0.6265625 0.1734375 0.146875
0 0.24375 0.5390625 0.05 0.040625
0 0.1859375 0.1046875 0.11875 0.078125
0 0.22734375 0.33046875 0.0546875 0.0546875
0 0.3046875 0.040625 0.071875 0.08125
0 0.43359375 0.02265625 0.1890625 0.0453125
0 0.61328125 0.040625 0.1515625 0.08125
0 0.79140625 0.06171875 0.1640625 0.1234375
0 0.92890625 0.11171875 0.1421875 0.1328125
0 0.95546875 0.04140625 0.0890625 0.0828125
0 0.96796875 0.21875 0.0640625 0.1375
0 0.83046875 0.20703125 0.1984375 0.1453125
0 0.6328125 0.17578125 0.190625 0.1453125
0 0.5109375 0.0921875 0.171875 0.1421875
0 0.34765625 0.1234375 0.1578125 0.146875
0 0.3171875 0.2390625 0.096875 0.13125
0 0.3484375 0.36640625 0.159375 0.1359375
0 0.434375 0.22890625 0.11875 0.1578125
0 0.73125 0.34765625 0.175 0.1453125
0 0.890625 0.2984375 0.184375 0.13125
0 0.89296875 0.4453125 0.2015625 0.146875
0 0.91953125 0.5578125 0.1609375 0.115625
0 0.7625 0.56640625 0.16875 0.1640625
0 0.6609375 0.65 0.1875 0.1
0 0.5328125 0.58359375 0.153125 0.1578125
0 0.615625 0.44140625 0.165625 0.15625
0 0.45 0.45 0.1828125 0.1515625
0 0.346875 0.565625 0.15625 0.159375
0 0.41640625 0.6578125 0.1578125 0.084375
0 0.08984375 0.75390625 0.1796875 0.1078125
0 0.1453125 0.9671875 0.059375 0.040625
0 0.51953125 0.8734375 0.3296875 0.253125
0 0.85546875 0.89375 0.2890625 0.2125