0 0.65859375 0.61875 0.084375 0.1640625
0 0.8859375 0.66484375 0.053125 0.075
0 0.3578125 0.7671875 0.1765625 0.259375
0 0.53984375 0.62109375 0.065625 0.146875
0 0.6703125 0.37265625 0.0703125 0.103125
0 0.76953125 0.3953125 0.0703125 0.1203125
0 0.0734375 0.178125 0.03125 0.05625
0 0.25234375 0.2015625 0.0578125 0.0515625
0 0.48671875 0.2640625 0.0578125 0.0828125
0 0.08671875 0.3859375 0.021875 0.0671875
0 0.30078125 0.31484375 0.0296875 0.0515625
0 0.8390625 0.2203125 0.0625 0.10625
0 0.9171875 0.35078125 0.0921875 0.159375
0 0.928125 0.53125 0.1140625 0.1453125
0 0.69609375 0.8078125 0.0265625 0.059375
0 0.7796875 0.5515625 0.0265625 0.053125
0 0.15625 0.15390625 0.0484375 0.1015625
0 0.11875 0.1671875 0.0390625 0.0484375
0 0.0875 0.146875 0.034375 0.040625
0 0.2453125 0.65859375 0.0671875 0.1015625
0 0.39921875 0.58984375 0.034375 0.0484375
0 0.75625 0.725 0.059375 0.096875
0 0.68359375 0.51171875 0.0484375 0.0609375
0 0.47734375 0.9578125 0.0671875 0.0796875
0 0.9125 0.13671875 0.0296875 0.0609375
0 0.57109375 0.82109375 0.0234375 0.0390625
0 0.303125 0.9015625 0.04375 0.0875
0 0.27265625 0.271875 0.0140625 0.0328125
0 0.515625 0.490625 0.0203125 0.0515625
0 0.4640625 0.5 0.0359375 0.03125
0 0.69609375 0.96484375 0.03125 0.05625
0 0.75 0.95703125 0.0265625 0.034375
0 0.86171875 0.13359375 0.0265625 0.040625
0 0.890625 0.83671875 0.0171875 0.021875
0 0.8921875 0.78359375 0.0171875 0.0171875
0 0.571875 0.884375 0.0203125 0.0390625
0 0.5046875 0.703125 0.034375 0.03125
0 0.54453125 0.365625 0.025 0.0265625
0 0.615625 0.2640625 0.0171875 0.021875
0 0.0140625 0.62109375 0.025 0.10625
0 0.134375 0.39765625 0.0328125 0.0359375
0 0.703125 0.86640625 0.0296875 0.0265625
0 0.61328125 0.740625 0.0203125 0.025
0 0.525 0.875 0.0203125 0.025
0 0.86171875 0.65625 0.0203125 0.0265625
0 0.7609375 0.3328125 0.021875 0.0703125
0 0.765625 0.24765625 0.0203125 0.0578125