0 0.0265625 0.10859375 0.053125 0.1078125
0 0.15234375 0.0765625 0.2421875 0.153125
0 0.10703125 0.334375 0.2140625 0.259375
0 0.3171875 0.50078125 0.05625 0.1765625
0 0.38515625 0.46015625 0.1515625 0.2578125
0 0.51171875 0.51953125 0.2359375 0.1390625
0 0.721875 0.38359375 0.23125 0.2046875
0 0.78046875 0.49453125 0.253125 0.18125
0 0.91796875 0.334375 0.1640625 0.240625
0 0.94453125 0.46015625 0.1109375 0.2578125
0 0.93046875 0.12109375 0.1390625 0.2421875
0 0.85625 0.0484375 0.1875 0.096875
0 0.71875 0.034375 0.1125 0.06875
0 0.52734375 0.0390625 0.0890625 0.078125
0 0.521875 0.08671875 0.184375 0.1609375
0 0.58203125 0.3203125 0.1421875 0.25625
0 0.7328125 0.146875 0.2078125 0.2015625
0 0.75625 0.253125 0.2390625 0.2125
0 0.14453125 0.603125 0.1109375 0.028125
0 0.0734375 0.79609375 0.034375 0.03125
0 0.0234375 0.73046875 0.046875 0.0359375
0 0.21640625 0.86484375 0.03125 0.0296875
0 0.109375 0.69296875 0.0203125 0.025
0 0.10546875 0.63984375 0.034375 0.03125
0 0.25390625 0.975 0.0359375 0.025
0 0.19140625 0.96328125 0.053125 0.0265625
0 0.1734375 0.7578125 0.0359375 0.025
0 0.3546875 0.9765625 0.125 0.046875
0 0.49765625 0.61953125 0.0828125 0.0609375
0 0.3703125 0.67265625 0.05625 0.1015625
0 0.6859375 0.79453125 0.628125 0.4109375