0 0.3421875 0.21953125 0.034375 0.0328125
0 0.18671875 0.2734375 0.0640625 0.115625
0 0.24296875 0.26015625 0.053125 0.0453125
0 0.13984375 0.1875 0.0359375 0.04375
0 0.034375 0.11328125 0.034375 0.0296875
0 0.1625 0.084375 0.0265625 0.0171875
0 0.21640625 0.02578125 0.025 0.021875
0 0.2921875 0.06484375 0.0140625 0.0140625
0 0.29453125 0.13828125 0.03125 0.0265625
0 0.27578125 0.20546875 0.03125 0.0296875
0 0.24765625 0.17109375 0.0296875 0.0265625
0 0.075 0.27421875 0.028125 0.0234375
0 0.021875 0.1453125 0.028125 0.021875
0 0.0640625 0.0671875 0.025 0.028125
0 0.16953125 0.13515625 0.021875 0.0234375
0 0.35 0.11171875 0.01875 0.0265625
0 0.19609375 0.121875 0.0265625 0.021875
0 0.38515625 0.02421875 0.0515625 0.0484375
0 0.965625 0.16015625 0.06875 0.1234375
0 0.8546875 0.02578125 0.18125 0.0515625
0 0.5765625 0.24375 0.04375 0.034375
0 0.62578125 0.08359375 0.0484375 0.034375
0 0.475 0.009375 0.01875 0.01875
0 0.0328125 0.51171875 0.0625 0.0640625
0 0.0984375 0.97890625 0.10625 0.0421875
0 0.0296875 0.83046875 0.059375 0.1609375
0 0.0921875 0.7625 0.0875 0.040625
0 0.10390625 0.6703125 0.040625 0.021875
0 0.13515625 0.6375 0.021875 0.0265625
0 0.0296875 0.63515625 0.021875 0.0203125
0 0.62578125 0.475 0.0453125 0.0125
0 0.5890625 0.740625 0.26875 0.225
0 0.71953125 0.9375 0.2359375 0.11875