0 0.440625 0.2 0.096875 0.103125
0 0.28046875 0.44296875 0.1859375 0.1703125
0 0.2203125 0.153125 0.23125 0.2453125
0 0.3828125 0.05546875 0.04375 0.034375
0 0.03359375 0.1140625 0.0671875 0.065625
0 0.21015625 0.009375 0.0953125 0.01875
0 0.34453125 0.19375 0.0453125 0.059375
0 0.690625 0.49140625 0.0375 0.0328125
0 0.503125 0.284375 0.059375 0.0375
0 0.884375 0.271875 0.23125 0.534375
0 0.75703125 0.22265625 0.0953125 0.3734375
0 0.11484375 0.58515625 0.0671875 0.0234375
0 0.40546875 0.64375 0.1734375 0.1625
0 0.4828125 0.6015625 0.0359375 0.025
0 0.28515625 0.61640625 0.0484375 0.028125
0 0.37890625 0.8421875 0.0265625 0.0203125
0 0.45390625 0.80859375 0.03125 0.0171875
0 0.01015625 0.79921875 0.0203125 0.0296875
0 0.409375 0.546875 0.09375 0.015625
0 0.68359375 0.57421875 0.0515625 0.0234375
0 0.04296875 0.91171875 0.0359375 0.025
0 0.1390625 0.95625 0.0484375 0.0390625
0 0.78203125 0.85546875 0.1453125 0.2890625
0 0.81171875 0.7265625 0.1671875 0.165625
0 0.89140625 0.63984375 0.1828125 0.2015625
0 0.8921875 0.9078125 0.1125 0.1375