0 0.4546875 0.34375 0.196875 0.2359375
0 0.3296875 0.15390625 0.25625 0.1875
0 0.09609375 0.30859375 0.075 0.0515625
0 0.109375 0.6515625 0.190625 0.0984375
0 0.28984375 0.58515625 0.075 0.071875
0 0.74609375 0.5953125 0.1859375 0.2625
0 0.55546875 0.7078125 0.065625 0.0390625
0 0.23671875 0.734375 0.146875 0.1453125
0 0.290625 0.49140625 0.0953125 0.0609375
0 0.45703125 0.88359375 0.084375 0.05625
0 0.1515625 0.93515625 0.2765625 0.1296875
0 0.7296875 0.8140625 0.0703125 0.05625
0 0.64921875 0.2953125 0.2640625 0.2625
0 0.51171875 0.1390625 0.11875 0.103125
0 0.2171875 0.25859375 0.0515625 0.04375
0 0.6046875 0.58671875 0.059375 0.040625
0 0.76953125 0.0765625 0.2109375 0.153125
0 0.96171875 0.17421875 0.071875 0.115625
0 0.81640625 0.478125 0.0390625 0.040625
0 0.0484375 0.33984375 0.096875 0.053125