0 0.4640625 0.34296875 0.23125 0.2359375
0 0.1921875 0.39296875 0.03125 0.021875
0 0.5671875 0.09296875 0.025 0.0265625
0 0.025 0.1 0.05 0.021875
0 0.69453125 0.18203125 0.2296875 0.3265625
0 0.6625 0.45234375 0.165625 0.3328125
0 0.86796875 0.12734375 0.2640625 0.2546875
0 0.86484375 0.4546875 0.2703125 0.328125
0 0.56015625 0.89375 0.0390625 0.2125
0 0.21484375 0.809375 0.4296875 0.38125
0 0.9375 0.93359375 0.125 0.1203125
0 0.85625 0.71640625 0.128125 0.0546875
0 0.64609375 0.93671875 0.0578125 0.0390625