0 0.36484375 0.32734375 0.1484375 0.2359375
0 0.2640625 0.13828125 0.25625 0.1875
0 0.03359375 0.2921875 0.0671875 0.05
0 0.22421875 0.4671875 0.0953125 0.04375
0 0.4125 0.1234375 0.053125 0.103125
0 0.1515625 0.24296875 0.0515625 0.04375
0 0.01484375 0.3234375 0.0296875 0.053125
0 0.55625 0.0984375 0.196875 0.196875
0 0.84765625 0.33125 0.1859375 0.2625
0 0.65703125 0.44375 0.0640625 0.0375
0 0.75078125 0.08046875 0.2640625 0.1609375
0 0.70625 0.32265625 0.059375 0.040625
0 0.91796875 0.2140625 0.0390625 0.040625
0 0.1328125 0.525 0.265625 0.071875
0 0.29453125 0.89375 0.2546875 0.2125
0 0.0890625 0.88828125 0.178125 0.2234375
0 0.171875 0.6703125 0.334375 0.35625
0 0.3390625 0.7734375 0.2 0.378125
0 0.6359375 0.8734375 0.190625 0.1140625
0 0.4625 0.64765625 0.046875 0.0578125
0 0.67421875 0.76171875 0.1015625 0.0625
0 0.76953125 0.96171875 0.2953125 0.0765625
0 0.91953125 0.8375 0.0734375 0.0375
0 0.78828125 0.8625 0.0453125 0.028125
0 0.76328125 0.61640625 0.0578125 0.0359375
0 0.4734375 0.603125 0.0515625 0.021875
0 0.53984375 0.7640625 0.0421875 0.0265625
0 0.62734375 0.7171875 0.053125 0.034375
0 0.8171875 0.9203125 0.0609375 0.034375
0 0.9390625 0.93046875 0.040625 0.025
0 0.86875 0.96171875 0.0703125 0.040625
0 0.8875 0.8796875 0.065625 0.025