0 0.1453125 0.1484375 0.184375 0.165625
0 0.27265625 0.3375 0.1109375 0.121875
0 0.27109375 0.08203125 0.0890625 0.0421875
0 0.12890625 0.0046875 0.0484375 0.009375
0 0.5953125 0.24296875 0.13125 0.4859375
0 0.81328125 0.20859375 0.259375 0.4078125
0 0.0375 0.5734375 0.075 0.053125
0 0.48203125 0.56796875 0.0953125 0.0765625
0 0.246875 0.77265625 0.04375 0.03125
0 0.29609375 0.63125 0.0484375 0.03125
0 0.14375 0.5625 0.0203125 0.0265625
0 0.63828125 0.7890625 0.2171875 0.421875
0 0.80078125 0.95234375 0.3984375 0.0953125
0 0.8734375 0.7234375 0.253125 0.3875
0 0.64765625 0.60078125 0.2359375 0.1421875