0 0.1375 0.04765625 0.0453125 0.0453125
0 0.140625 0.13828125 0.1296875 0.0515625
0 0.11484375 0.29296875 0.053125 0.0640625
0 0.12421875 0.2265625 0.0859375 0.071875
0 0.271875 0.23515625 0.090625 0.0859375
0 0.284375 0.33125 0.075 0.06875
0 0.36796875 0.40234375 0.0734375 0.0546875
0 0.40546875 0.43359375 0.0671875 0.0546875
0 0.4921875 0.46875 0.0875 0.04375
0 0.52421875 0.55234375 0.0625 0.0828125
0 0.33203125 0.2890625 0.040625 0.0375
0 0.46328125 0.30390625 0.084375 0.0484375
0 0.2046875 0.54921875 0.06875 0.0640625
0 0.0171875 0.48125 0.034375 0.084375
0 0.19609375 0.3578125 0.05625 0.040625
0 0.2140625 0.2734375 0.0375 0.04375
0 0.596875 0.57578125 0.084375 0.0953125
0 0.559375 0.259375 0.0625 0.0625
0 0.471875 0.26328125 0.065625 0.0609375
0 0.49921875 0.0078125 0.0578125 0.015625
0 0.14375 0.015625 0.0875 0.03125
0 0.484375 0.14375 0.10625 0.09375
0 0.6140625 0.046875 0.05 0.053125
0 0.6140625 0.32421875 0.05 0.0484375
0 0.5109375 0.3421875 0.053125 0.053125
0 0.56640625 0.40859375 0.053125 0.0328125
0 0.60625 0.43828125 0.05 0.03125
0 0.253125 0.1328125 0.0390625 0.03125
0 0.3296875 0.125 0.1015625 0.0453125
0 0.50546875 0.0921875 0.1421875 0.059375
0 0.57265625 0.50546875 0.0828125 0.0703125
0 0.421875 0.046875 0.0765625 0.0359375
0 0.62734375 0.275 0.0234375 0.053125
0 0.60625 0.22578125 0.03125 0.0359375
0 0.53515625 0.3046875 0.0453125 0.040625
0 0.81953125 0.371875 0.3609375 0.428125
0 0.6953125 0.0078125 0.103125 0.015625
0 0.9859375 0.65625 0.028125 0.025
0 0.86796875 0.0046875 0.0390625 0.009375
0 0.77265625 0.0234375 0.0671875 0.040625
0 0.78359375 0.0875 0.053125 0.0359375
0 0.19765625 0.8359375 0.1546875 0.3171875
0 0.46484375 0.9125 0.2046875 0.175
0 0.3328125 0.87890625 0.146875 0.2421875
0 0.51171875 0.79140625 0.1890625 0.228125
0 0.1015625 0.8859375 0.196875 0.228125
0 0.90234375 0.846875 0.1953125 0.30625