0 0.4640625 0.25 0.096875 0.103125
0 0.30390625 0.49296875 0.1859375 0.1703125
0 0.24375 0.203125 0.23125 0.2453125
0 0.40625 0.10546875 0.04375 0.034375
0 0.05078125 0.16484375 0.0828125 0.0640625
0 0.234375 0.0375 0.096875 0.065625
0 0.11875 0.76171875 0.0625 0.0671875
0 0.67578125 0.709375 0.10625 0.071875
0 0.3859375 0.96015625 0.0875 0.071875
0 0.490625 0.70078125 0.04375 0.034375
0 0.8296875 0.63828125 0.071875 0.0390625
0 0.36796875 0.24375 0.0453125 0.0609375
0 0.97265625 0.30625 0.053125 0.125
0 0.71484375 0.5421875 0.0390625 0.034375
0 0.5265625 0.334375 0.0578125 0.0359375