0 0.1828125 0.04765625 0.090625 0.0515625
0 0.025 0.3484375 0.05 0.0625
0 0.85546875 0.32421875 0.2890625 0.2515625
0 0.646875 0.31484375 0.15625 0.2453125
0 0.32421875 0.7 0.3859375 0.5
0 0.31953125 0.9 0.4984375 0.2
0 0.9859375 0.75234375 0.028125 0.0296875
0 0.834375 0.509375 0.178125 0.11875
0 0.678125 0.59453125 0.059375 0.059375
0 0.625 0.48046875 0.0671875 0.053125
0 0.7125 0.4734375 0.09375 0.046875
0 0.79296875 0.459375 0.0796875 0.01875
0 0.80078125 0.68203125 0.0296875 0.021875
0 0.9484375 0.61015625 0.0484375 0.028125
0 0.6015625 0.84453125 0.065625 0.0796875
0 0.64921875 0.840625 0.04375 0.034375
0 0.79765625 0.9828125 0.0609375 0.034375
0 0.7984375 0.8625 0.0359375 0.03125
0 0.87734375 0.8640625 0.0578125 0.025
0 0.90390625 0.815625 0.025 0.0265625
0 0.6453125 0.75703125 0.03125 0.0171875
0 0.69375 0.7484375 0.0203125 0.0171875
0 0.90859375 0.93828125 0.0390625 0.0203125