0 0.2453125 0.43984375 0.346875 0.2359375
0 0.2953125 0.190625 0.034375 0.028125
0 0.775 0.284375 0.45 0.56875
0 0.95859375 0.20859375 0.0828125 0.1828125
0 0.9390625 0.07734375 0.121875 0.1546875
0 0.846875 0.05625 0.08125 0.1125
0 0.58515625 0.4140625 0.0703125 0.303125
0 0.78046875 0.23359375 0.065625 0.0796875
0 0.2765625 0.67265625 0.0359375 0.04375
0 0.265625 0.5890625 0.0875 0.040625
0 0.12734375 0.83125 0.053125 0.05625
0 0.034375 0.80625 0.06875 0.134375
0 0.234375 0.95390625 0.05 0.0515625
0 0.52109375 0.77421875 0.0578125 0.0953125
0 0.3171875 0.8078125 0.0609375 0.0546875
0 0.4 0.81328125 0.04375 0.0390625
0 0.05859375 0.71015625 0.0390625 0.034375
0 0.225 0.7453125 0.0484375 0.034375
0 0.015625 0.91875 0.03125 0.01875
0 0.07734375 0.97109375 0.0609375 0.0578125
0 0.44453125 0.63125 0.03125 0.025
0 0.609375 0.65859375 0.11875 0.1796875
0 0.64921875 0.9 0.0390625 0.0375
0 0.68828125 0.609375 0.0515625 0.034375
0 0.65546875 0.8359375 0.0234375 0.0296875
0 0.79609375 0.85078125 0.028125 0.0265625
0 0.740625 0.61015625 0.021875 0.028125
0 0.93671875 0.778125 0.025 0.0203125