0 0.390625 0.190625 0.196875 0.2375
0 0.26484375 0.046875 0.2578125 0.09375
0 0.034375 0.1546875 0.06875 0.05
0 0.225 0.42734375 0.075 0.0640625
0 0.6390625 0.38515625 0.1 0.1484375
0 0.2265625 0.33828125 0.096875 0.0609375
0 0.57109375 0.14140625 0.2359375 0.2609375
0 0.446875 0.01875 0.11875 0.0375
0 0.153125 0.10546875 0.05 0.0421875
0 0.540625 0.43359375 0.059375 0.040625
0 0.015625 0.1859375 0.03125 0.053125
0 0.96875 0.17734375 0.0625 0.0734375
0 0.753125 0.159375 0.1171875 0.0484375
0 0.8671875 0.125 0.125 0.065625
0 0.83671875 0.28671875 0.103125 0.0734375
0 0.728125 0.10859375 0.078125 0.0578125
0 0.9296875 0.3828125 0.1109375 0.04375
0 0.88671875 0.4421875 0.0890625 0.034375
0 0.2578125 0.6921875 0.30625 0.259375
0 0.4609375 0.77265625 0.1625 0.1203125
0 0.0921875 0.9015625 0.184375 0.196875
0 0.5875 0.521875 0.203125 0.125
0 0.765625 0.8171875 0.134375 0.13125
0 0.97109375 0.821875 0.0359375 0.0515625
0 0.77890625 0.9375 0.040625 0.034375
0 0.84453125 0.80390625 0.0609375 0.040625
0 0.96875 0.875 0.0265625 0.028125
0 0.9921875 0.60859375 0.015625 0.0828125