0 0.01328125 0.25859375 0.0265625 0.0234375
0 0.2640625 0.18984375 0.0390625 0.0328125
0 0.01328125 0.19375 0.0265625 0.040625
0 0.69375 0.03828125 0.0453125 0.0453125
0 0.696875 0.12890625 0.1296875 0.0515625
0 0.46015625 0.1921875 0.065625 0.0640625
0 0.4171875 0.14765625 0.065625 0.0609375
0 0.38125 0.103125 0.059375 0.0453125
0 0.39296875 0.2875 0.0640625 0.040625
0 0.67109375 0.28359375 0.053125 0.0640625
0 0.68046875 0.2171875 0.0859375 0.071875
0 0.828125 0.22578125 0.0890625 0.0859375
0 0.840625 0.321875 0.075 0.0671875
0 0.92421875 0.39296875 0.075 0.05625
0 0.96171875 0.42421875 0.0671875 0.05625
0 0.88828125 0.2796875 0.040625 0.0390625
0 0.98828125 0.29453125 0.0234375 0.0484375
0 0.55078125 0.4546875 0.0796875 0.05
0 0.75234375 0.3484375 0.05625 0.040625
0 0.7703125 0.2640625 0.0390625 0.04375
0 0.4328125 0.0328125 0.103125 0.0625
0 0.7 0.0109375 0.0875 0.021875
0 0.809375 0.1234375 0.0390625 0.03125
0 0.8859375 0.115625 0.1015625 0.0453125
0 0.96953125 0.03671875 0.0609375 0.0359375
0 0.2265625 0.9734375 0.184375 0.053125
0 0.03984375 0.77890625 0.0796875 0.0578125
0 0.26796875 0.89296875 0.1015625 0.0625
0 0.0671875 0.734375 0.0515625 0.021875
0 0.04609375 0.66015625 0.0484375 0.03125
0 0.13359375 0.8953125 0.04375 0.0265625
0 0.22109375 0.8484375 0.053125 0.034375
0 0.85703125 0.58359375 0.0734375 0.103125
0 0.940625 0.81171875 0.11875 0.0859375
0 0.5078125 0.60859375 0.175 0.2015625
0 0.3640625 0.503125 0.090625 0.046875
0 0.34296875 0.59921875 0.0484375 0.1703125
0 0.5484375 0.778125 0.14375 0.121875
0 0.6734375 0.721875 0.10625 0.090625
0 0.69609375 0.60390625 0.0234375 0.040625
0 0.7296875 0.9546875 0.053125 0.0625
0 0.94296875 0.74453125 0.0890625 0.0671875
0 0.61171875 0.98515625 0.0859375 0.0296875
0 0.91171875 0.89375 0.05625 0.0609375
0 0.68046875 0.96484375 0.0890625 0.0703125