0 0.2671875 0.39921875 0.090625 0.0515625
0 0.271875 0.0859375 0.215625 0.1625
0 0.10390625 0.6890625 0.0609375 0.040625
0 0.03359375 0.53203125 0.0671875 0.1046875
0 0.77734375 0.409375 0.4453125 0.371875
0 0.65859375 0.63046875 0.3484375 0.1578125
0 0.6234375 0.171875 0.3125 0.18125
0 0.65078125 0.02578125 0.2171875 0.0515625
0 0.9609375 0.5875 0.078125 0.24375
0 0.10703125 0.76875 0.1734375 0.11875
0 0.18515625 0.7140625 0.0359375 0.009375
0 0.00625 0.721875 0.0125 0.025
0 0.425 0.9078125 0.0390625 0.0484375
0 0.08125 0.94609375 0.0265625 0.0171875
0 0.15625 0.9125 0.03125 0.0171875
0 0.61484375 0.8171875 0.3109375 0.215625