0 0.47265625 0.15703125 0.0484375 0.0390625
0 0.2640625 0.078125 0.059375 0.0375
0 0.17734375 0.33125 0.0703125 0.040625
0 0.00390625 0.28359375 0.0078125 0.0390625
0 0.4546875 0.4625 0.090625 0.165625
0 0.02890625 0.51328125 0.0578125 0.0671875
0 0.4796875 0.07421875 0.040625 0.0453125
0 0.309375 0.14140625 0.0453125 0.0265625
0 0.48125 0.31484375 0.0375 0.0171875
0 0.26875 0.28359375 0.071875 0.0421875
0 0.2453125 0.14296875 0.046875 0.0265625
0 0.72109375 0.08671875 0.053125 0.0359375
0 0.734375 0.14453125 0.0375 0.0234375
0 0.9359375 0.3484375 0.128125 0.08125
0 0.9546875 0.10390625 0.040625 0.028125
0 0.96328125 0.42734375 0.0484375 0.021875
0 0.81640625 0.3703125 0.0421875 0.025
0 0.57109375 0.153125 0.0578125 0.0359375
0 0.6484375 0.315625 0.0765625 0.075
0 0.809375 0.278125 0.0359375 0.0171875
0 0.1859375 0.77265625 0.1859375 0.1796875
0 0.11953125 0.9 0.1515625 0.14375
0 0.04921875 0.62265625 0.0984375 0.0859375
0 0.140625 0.61640625 0.215625 0.0734375
0 0.38515625 0.653125 0.1953125 0.1109375
0 0.34921875 0.7703125 0.2 0.18125
0 0.471875 0.80625 0.05625 0.10625
0 0.4328125 0.93515625 0.134375 0.1234375
0 0.37421875 0.896875 0.2515625 0.1
0 0.2265625 0.96328125 0.221875 0.071875
0 0.53671875 0.68671875 0.0671875 0.0234375
0 0.82734375 0.7453125 0.1734375 0.1640625
0 0.9046875 0.703125 0.0375 0.025
0 0.70703125 0.71796875 0.0484375 0.028125
0 0.80078125 0.94375 0.0265625 0.0203125
0 0.87578125 0.91015625 0.03125 0.0171875
0 0.83203125 0.640625 0.09375 0.03125