0 0.065625 0.18671875 0.090625 0.0515625
0 0.6625 0.17265625 0.0359375 0.0390625
0 0.6171875 0.20390625 0.0375 0.0328125
0 0.45859375 0.25703125 0.0640625 0.115625
0 0.6453125 0.475 0.19375 0.1875
0 0.50390625 0.540625 0.0453125 0.0484375
0 0.95625 0.0171875 0.04375 0.034375
0 0.8515625 0.07109375 0.0359375 0.034375
0 0.72890625 0.0734375 0.040625 0.034375
0 0.825 0.38359375 0.034375 0.0359375
0 0.76171875 0.44375 0.0515625 0.034375
0 0.525 0.525 0.04375 0.0484375
0 0.51640625 0.24375 0.053125 0.0453125
0 0.77109375 0.2390625 0.034375 0.034375
0 0.4125 0.171875 0.0359375 0.04375
0 0.30703125 0.09609375 0.0328125 0.028125
0 0.434375 0.0671875 0.0265625 0.0171875
0 0.4890625 0.009375 0.025 0.01875
0 0.565625 0.04765625 0.0140625 0.0140625
0 0.56796875 0.12265625 0.03125 0.0265625
0 0.5484375 0.18984375 0.03125 0.0296875
0 0.52109375 0.1546875 0.03125 0.0265625
0 0.78046875 0.37734375 0.0359375 0.03125
0 0.86015625 0.3578125 0.0265625 0.0234375
0 0.346875 0.25859375 0.0265625 0.025
0 0.29453125 0.1296875 0.0296875 0.021875
0 0.3359375 0.05 0.025 0.0265625
0 0.30859375 0.5609375 0.0296875 0.015625
0 0.44140625 0.11875 0.021875 0.025
0 0.9703125 0.315625 0.0296875 0.0203125
0 0.89140625 0.35546875 0.025 0.0171875
0 0.8140625 0.44453125 0.021875 0.0296875
0 0.66015625 0.09609375 0.0921875 0.0265625
0 0.46953125 0.10546875 0.0265625 0.021875
0 0.06328125 0.83359375 0.1265625 0.1734375
0 0.09296875 0.64140625 0.1859375 0.1453125
0 0.25859375 0.9453125 0.0421875 0.109375
0 0.21640625 0.77265625 0.1265625 0.2953125
0 0.17421875 0.9390625 0.1578125 0.121875
0 0.05234375 0.97265625 0.1046875 0.0546875
0 0.63984375 0.7234375 0.7203125 0.309375