0 0.09921875 0.15234375 0.184375 0.1703125
0 0.453125 0.36875 0.071875 0.071875
0 0.2859375 0.36015625 0.04375 0.0328125
0 0.32109375 0.00546875 0.0578125 0.0109375
0 0.81328125 0.08125 0.3734375 0.1625
0 0.93046875 0.0828125 0.1390625 0.165625
0 0.965625 0.234375 0.06875 0.228125
0 0.68203125 0.2546875 0.3390625 0.3109375
0 0.7265625 0.35390625 0.271875 0.1296875
0 0.3515625 0.6140625 0.08125 0.059375
0 0.3671875 0.86875 0.178125 0.121875
0 0.2109375 0.95546875 0.0609375 0.0609375
0 0.009375 0.93046875 0.01875 0.0671875
0 0.1578125 0.84140625 0.0671875 0.053125
0 0.07578125 0.6421875 0.1515625 0.15625
0 0.04140625 0.7609375 0.05625 0.021875
0 0.2203125 0.678125 0.096875 0.075
0 0.2453125 0.82890625 0.09375 0.0609375
0 0.32578125 0.8 0.0796875 0.059375
0 0.47265625 0.9703125 0.0328125 0.028125
0 0.43203125 0.71875 0.096875 0.040625
0 0.04375 0.9484375 0.034375 0.0171875
0 0.334375 0.75625 0.0796875 0.0359375
0 0.4453125 0.64765625 0.0390625 0.021875
0 0.91171875 0.55 0.1765625 0.2625
0 0.73125 0.4875 0.046875 0.053125
0 0.65859375 0.45859375 0.03125 0.040625
0 0.946875 0.92578125 0.10625 0.0765625
0 0.59140625 0.95078125 0.075 0.084375
0 0.61796875 0.715625 0.0484375 0.03125
0 0.52265625 0.4359375 0.0265625 0.034375