0 0.04921875 0.25859375 0.0609375 0.0515625
0 0.0765625 0.55234375 0.1125 0.0328125
0 0.21015625 0.06171875 0.0609375 0.025
0 0.23828125 0.16484375 0.03125 0.0296875
0 0.23828125 0.34921875 0.0390625 0.0390625
0 0.31640625 0.46171875 0.0625 0.0578125
0 0.31875 0.5078125 0.090625 0.0484375
0 0.85390625 0.2015625 0.0359375 0.0375
0 0.8078125 0.2328125 0.0359375 0.034375
0 0.65078125 0.2859375 0.0640625 0.115625
0 0.8421875 0.4890625 0.18125 0.159375
0 0.9203125 0.103125 0.040625 0.034375
0 0.95234375 0.471875 0.0515625 0.034375
0 0.70703125 0.27265625 0.053125 0.0453125
0 0.9609375 0.26640625 0.034375 0.034375
0 0.60390625 0.2 0.0359375 0.04375
0 0.4984375 0.12578125 0.034375 0.0296875
0 0.6265625 0.096875 0.028125 0.01875
0 0.68046875 0.03828125 0.0234375 0.021875
0 0.75625 0.07734375 0.0125 0.0140625
0 0.75859375 0.15078125 0.03125 0.0265625
0 0.73984375 0.21796875 0.03125 0.0296875
0 0.71171875 0.18359375 0.028125 0.0265625
0 0.9703125 0.4046875 0.0359375 0.0296875
0 0.5390625 0.28671875 0.0265625 0.0234375
0 0.4859375 0.1578125 0.0296875 0.021875
0 0.40078125 0.0875 0.040625 0.0296875
0 0.528125 0.0796875 0.0234375 0.0265625
0 0.92421875 0.00390625 0.0234375 0.0078125
0 0.63359375 0.14765625 0.021875 0.025
0 0.63828125 0.003125 0.0171875 0.00625
0 0.99609375 0.47109375 0.0078125 0.0296875
0 0.8515625 0.12421875 0.0921875 0.0265625
0 0.66015625 0.134375 0.0265625 0.021875
0 0.44375 0.20390625 0.0296875 0.025
0 0.39453125 0.12109375 0.025 0.034375
0 0.0796875 0.60078125 0.159375 0.0640625
0 0.2515625 0.609375 0.234375 0.08125
0 0.27578125 0.721875 0.1859375 0.1625
0 0.21875 0.9 0.190625 0.2
0 0.12578125 0.684375 0.2515625 0.134375
0 0.0578125 0.77265625 0.115625 0.1265625
0 0.059375 0.88046875 0.11875 0.1265625
0 0.3984375 0.64296875 0.059375 0.1078125
0 0.52734375 0.628125 0.2421875 0.11875
0 0.47890625 0.86875 0.2203125 0.259375
0 0.73828125 0.61484375 0.0984375 0.0921875
0 0.9453125 0.65078125 0.109375 0.1515625
0 0.69453125 0.9015625 0.0546875 0.034375
0 0.746875 0.8703125 0.05625 0.046875
0 0.79296875 0.9125 0.040625 0.028125
0 0.8265625 0.8875 0.0375 0.053125