0 0.88671875 0.18671875 0.0296875 0.0234375
0 0.6265625 0.20234375 0.0265625 0.0203125
0 0.69140625 0.04140625 0.0484375 0.021875
0 0.89453125 0.01875 0.025 0.03125
0 0.45234375 0.3203125 0.0359375 0.0375
0 0.40625 0.3515625 0.0359375 0.034375
0 0.24921875 0.4046875 0.065625 0.115625
0 0.44140625 0.628125 0.1796875 0.2
0 0.3828125 0.81796875 0.0578125 0.0703125
0 0.5125 0.87890625 0.0375 0.0390625
0 0.5421875 0.58984375 0.034375 0.0328125
0 0.30546875 0.39140625 0.053125 0.0453125
0 0.55078125 0.384375 0.0171875 0.034375
0 0.20234375 0.31875 0.0359375 0.04375
0 0.09609375 0.2484375 0.0328125 0.01875
0 0.35703125 0.26953125 0.03125 0.0265625
0 0.33828125 0.33671875 0.03125 0.0296875
0 0.31015625 0.30234375 0.0296875 0.0265625
0 0.5546875 0.52265625 0.009375 0.0296875
0 0.1375 0.40546875 0.0265625 0.025
0 0.084375 0.2765625 0.028125 0.021875
0 0.26171875 0.99296875 0.0484375 0.0140625
0 0.1 0.71171875 0.028125 0.0234375
0 0.278125 0.93828125 0.0234375 0.021875
0 0.203125 0.96796875 0.040625 0.0203125
0 0.23203125 0.26640625 0.021875 0.0234375
0 0.5171875 0.815625 0.025 0.0296875
0 0.003125 0.80625 0.00625 0.025
0 0.34296875 0.9703125 0.0296875 0.021875
0 0.44921875 0.24765625 0.0921875 0.0171875
0 0.25859375 0.253125 0.0265625 0.021875
0 0.0421875 0.32265625 0.0296875 0.0234375
0 0.80078125 0.746875 0.3421875 0.50625
0 0.975 0.71328125 0.05 0.5734375