0 0.196875 0.27109375 0.346875 0.2359375
0 0.246875 0.021875 0.034375 0.028125
0 0.35703125 0.57421875 0.0296875 0.0109375
0 0.340625 0.4234375 0.028125 0.01875
0 0.28515625 0.50625 0.025 0.0203125
0 0.52265625 0.23359375 0.1265625 0.2390625
0 0.50390625 0.43046875 0.0890625 0.1859375
0 0.63984375 0.475 0.2765625 0.209375
0 0.75859375 0.1125 0.2640625 0.225
0 0.81875 0.28828125 0.3625 0.1171875
0 0.92578125 0.44609375 0.1484375 0.2171875
0 0.9015625 0.1171875 0.134375 0.10625
0 0.86640625 0.21015625 0.2671875 0.1296875
0 0.97890625 0.08984375 0.0421875 0.1421875
0 0.5796875 0.059375 0.240625 0.11875
0 0.77265625 0.47734375 0.1921875 0.2046875
0 0.365625 0.640625 0.1875 0.121875
0 0.090625 0.66484375 0.18125 0.1703125
0 0.24140625 0.753125 0.2171875 0.1703125
0 0.0875 0.83203125 0.175 0.1328125
0 0.3953125 0.89765625 0.128125 0.2046875
0 0.24921875 0.91796875 0.3171875 0.1640625
0 0.99140625 0.61484375 0.0171875 0.0359375
0 0.665625 0.90234375 0.125 0.0578125
0 0.56953125 0.9140625 0.075 0.0453125
0 0.915625 0.9921875 0.1 0.015625
0 0.98828125 0.87109375 0.0234375 0.0359375
0 0.715625 0.8578125 0.0515625 0.021875
0 0.69453125 0.78359375 0.0484375 0.03125
0 0.86953125 0.971875 0.053125 0.034375
0 0.48046875 0.8 0.025 0.0265625