0 0.06015625 0.128125 0.1203125 0.165625
0 0.15546875 0.3171875 0.1109375 0.1203125
0 0.15390625 0.06171875 0.0890625 0.0421875
0 0.85 0.084375 0.19375 0.16875
0 0.94375 0.22421875 0.1125 0.2890625
0 0.8921875 0.07109375 0.215625 0.1421875
0 0.60625 0.2546875 0.21875 0.328125
0 0.659375 0.1203125 0.271875 0.240625
0 0.44921875 0.121875 0.1984375 0.24375
0 0.42890625 0.3171875 0.1578125 0.203125
0 0.0640625 0.81953125 0.128125 0.2671875
0 0.2515625 0.8921875 0.196875 0.215625
0 0.86328125 0.72734375 0.2734375 0.5296875
0 0.5375 0.6703125 0.375 0.503125