0 0.36796875 0.0125 0.0953125 0.025
0 0.20859375 0.21640625 0.1859375 0.1703125
0 0.02734375 0.48515625 0.0546875 0.0671875
0 0.3953125 0.42421875 0.04375 0.034375
0 0.43125 0.0578125 0.059375 0.0359375
0 0.5890625 0.36640625 0.159375 0.2265625
0 0.69609375 0.23125 0.0953125 0.325
0 0.803125 0.22734375 0.203125 0.3984375
0 0.84765625 0.23125 0.1234375 0.309375
0 0.65390625 0.528125 0.2359375 0.24375
0 0.940625 0.44921875 0.11875 0.2296875
0 0.58671875 0.1078125 0.1546875 0.215625
0 0.33828125 0.90390625 0.0453125 0.021875
0 0.23828125 0.94765625 0.0578125 0.0390625
0 0.215625 0.98828125 0.15625 0.0234375
0 0.0609375 0.928125 0.0625 0.028125
0 0.44375 0.86953125 0.0921875 0.0671875
0 0.35390625 0.79921875 0.10625 0.04375
0 0.3140625 0.73125 0.10625 0.0578125
0 0.471875 0.81640625 0.0484375 0.03125
0 0.96171875 0.90703125 0.0765625 0.1859375
0 0.7546875 0.87265625 0.490625 0.2546875