0 0.39609375 0.1796875 0.0859375 0.071875
0 0.11640625 0.4015625 0.0859375 0.015625
0 0.221875 0.17109375 0.04375 0.0328125
0 0.4328125 0.0140625 0.0125 0.028125
0 0.52421875 0.17578125 0.1703125 0.2390625
0 0.50546875 0.34453125 0.1328125 0.1296875
0 0.66328125 0.3609375 0.2765625 0.096875
0 0.78203125 0.08359375 0.2640625 0.1671875
0 0.83046875 0.23046875 0.3390625 0.1171875
0 0.9375 0.34453125 0.125 0.1296875
0 0.925 0.059375 0.134375 0.10625
0 0.878125 0.15234375 0.24375 0.1296875
0 0.58125 0.03046875 0.284375 0.0609375
0 0.79609375 0.36328125 0.1921875 0.0921875
0 0.16796875 0.62890625 0.2125 0.15625
0 0.3484375 0.778125 0.18125 0.28125
0 0.30234375 0.575 0.2734375 0.259375
0 0.17734375 0.8140625 0.2515625 0.2578125
0 0.33359375 0.96953125 0.2109375 0.0609375
0 0.61796875 0.83125 0.3578125 0.3375
0 0.82265625 0.665625 0.0671875 0.0375
0 0.8953125 0.9734375 0.075 0.025
0 0.5796875 0.45 0.0359375 0.0453125
0 0.5125 0.49921875 0.0390625 0.03125
0 0.44609375 0.59140625 0.0140625 0.0359375