0 0.45859375 0.025 0.1109375 0.05
0 0.38046875 0.0296875 0.0984375 0.059375
0 0.3265625 0.103125 0.11875 0.075
0 0.0828125 0.084375 0.11875 0.046875
0 0.196875 0.05 0.125 0.065625
0 0.16640625 0.21171875 0.103125 0.0734375
0 0.04921875 0.03359375 0.096875 0.0578125
0 0.259375 0.3078125 0.1109375 0.04375
0 0.5328125 0.178125 0.034375 0.05
0 0.5125 0.284375 0.06875 0.040625
0 0.2171875 0.37265625 0.0890625 0.0421875
0 0.71484375 0.08515625 0.084375 0.1640625
0 0.59609375 0.0875 0.065625 0.1453125
0 0.96953125 0.034375 0.0609375 0.06875
0 0.75234375 0.27265625 0.0265625 0.0609375
0 0.81015625 0.19765625 0.0546875 0.0796875
0 0.62734375 0.2859375 0.0234375 0.0375
0 0.628125 0.34921875 0.01875 0.0390625
0 0.56328125 0.16875 0.0265625 0.03125
0 0.759375 0.33125 0.028125 0.0265625
0 0.66953125 0.20625 0.0203125 0.025
0 0.58125 0.33984375 0.0203125 0.025
0 0.03671875 0.44921875 0.0734375 0.0984375
0 0.15859375 0.4671875 0.1515625 0.134375
0 0.2859375 0.425 0.165625 0.05
0 0.3375 0.51484375 0.1625 0.125
0 0.4765625 0.56484375 0.146875 0.1328125
0 0.503125 0.46796875 0.09375 0.1359375
0 0.515625 0.671875 0.06875 0.1375
0 0.37578125 0.66015625 0.1984375 0.1453125
0 0.178125 0.62890625 0.190625 0.1453125
0 0.0703125 0.54453125 0.140625 0.1421875
0 0.01875 0.68125 0.0375 0.159375
0 0.2765625 0.80078125 0.175 0.1453125
0 0.4359375 0.7515625 0.184375 0.13125
0 0.43828125 0.8984375 0.2015625 0.146875
0 0.4671875 0.9765625 0.165625 0.046875
0 0.30703125 0.96875 0.1671875 0.0625
0 0.07734375 0.978125 0.1546875 0.04375
0 0.1609375 0.89453125 0.165625 0.15625
0 0.04296875 0.90234375 0.0859375 0.1515625
0 0.63984375 0.8109375 0.1796875 0.159375
0 0.96015625 0.54140625 0.0796875 0.0671875
0 0.82265625 0.7296875 0.1953125 0.128125
0 0.67265625 0.71796875 0.0671875 0.040625
0 0.72421875 0.54609375 0.05625 0.028125
0 0.97578125 0.41953125 0.0359375 0.0296875
0 0.746875 0.4609375 0.053125 0.046875
0 0.64765625 0.50859375 0.0546875 0.0546875
0 0.94765625 0.66015625 0.03125 0.0421875