0 0.23125 0.1015625 0.11875 0.109375
0 0.34375 0.03125 0.08125 0.0625
0 0.01640625 0.1453125 0.0328125 0.053125
0 0.43203125 0.12265625 0.1390625 0.0828125
0 0.1953125 0.20390625 0.0453125 0.0453125
0 0.1984375 0.29453125 0.1296875 0.0515625
0 0.17265625 0.44921875 0.053125 0.0640625
0 0.18203125 0.3828125 0.0859375 0.071875
0 0.3296875 0.39140625 0.090625 0.0859375
0 0.3421875 0.4875 0.075 0.06875
0 0.425 0.54921875 0.075 0.0390625
0 0.38984375 0.4453125 0.040625 0.0375
0 0.5140625 0.46015625 0.071875 0.0484375
0 0.25390625 0.5140625 0.0546875 0.040625
0 0.271875 0.4296875 0.0375 0.04375
0 0.5234375 0.41875 0.053125 0.059375
0 0.5390625 0.13984375 0.021875 0.0640625
0 0.53515625 0.05625 0.0296875 0.0625
0 0.20234375 0.16953125 0.0875 0.0359375
0 0.51953125 0.3 0.0609375 0.09375
0 0.3109375 0.2890625 0.0375 0.03125
0 0.3875 0.28125 0.1015625 0.0453125
0 0.52109375 0.24765625 0.0578125 0.0609375
0 0.13359375 0.05 0.0453125 0.040625
0 0.4796875 0.203125 0.078125 0.0375
0 0.621875 0.22734375 0.14375 0.4546875
0 0.83671875 0.2234375 0.2890625 0.4234375
0 0.975 0.26484375 0.05 0.3109375
0 0.4671875 0.878125 0.165625 0.24375
0 0.46953125 0.6328125 0.1609375 0.128125
0 0.24453125 0.6328125 0.2078125 0.128125
0 0.23984375 0.8765625 0.2015625 0.246875
0 0.05 0.63671875 0.1 0.1359375
0 0.04921875 0.87578125 0.0984375 0.2484375
0 0.78046875 0.60859375 0.1734375 0.0796875
0 0.75390625 0.765625 0.0265625 0.01875
0 0.82890625 0.73203125 0.03125 0.0171875