0 0.20234375 0.2671875 0.0453125 0.03125
0 0.1734375 0.09140625 0.103125 0.0609375
0 0.16484375 0.48359375 0.2703125 0.1109375
0 0.36640625 0.1953125 0.053125 0.04375
0 0.55625 0.10703125 0.2125 0.2140625
0 0.5375 0.29140625 0.175 0.1859375
0 0.7171875 0.3609375 0.2765625 0.25625
0 0.83515625 0.04296875 0.2640625 0.0859375
0 0.85703125 0.14921875 0.2859375 0.1171875
0 0.9640625 0.30703125 0.071875 0.2171875
0 0.88828125 0.49375 0.2234375 0.090625
0 0.9046875 0.07109375 0.190625 0.1296875
0 0.5515625 0.43359375 0.203125 0.2109375
0 0.65546875 0.5046875 0.1765625 0.06875
0 0.85 0.37734375 0.1921875 0.28125
0 0.2734375 0.6109375 0.146875 0.14375
0 0.4375 0.6453125 0.025 0.025
0 0.33046875 0.9890625 0.0359375 0.021875
0 0.3890625 0.93203125 0.0984375 0.071875
0 0.1890625 0.6546875 0.0453125 0.034375
0 0.21640625 0.8890625 0.0296875 0.025
0 0.92890625 0.70703125 0.1421875 0.2609375
0 0.65859375 0.5703125 0.1640625 0.0625
0 0.74765625 0.77890625 0.209375 0.2578125
0 0.5 0.88203125 0.1 0.2359375
0 0.50234375 0.59921875 0.1046875 0.1203125