0 0.15703125 0.3265625 0.0453125 0.03125
0 0.128125 0.15078125 0.103125 0.0609375
0 0.32109375 0.2546875 0.053125 0.04375
0 0.78125 0.1796875 0.4375 0.359375
0 0.0484375 0.5609375 0.0703125 0.05625
0 0.12109375 0.48125 0.0734375 0.0625
0 0.42734375 0.72890625 0.0453125 0.0515625
0 0.26796875 0.83671875 0.0609375 0.0390625
0 0.19140625 0.6953125 0.0328125 0.028125
0 0.09765625 0.74453125 0.03125 0.021875
0 0.08203125 0.8515625 0.03125 0.021875
0 0.26328125 0.9125 0.0265625 0.025
0 0.5375 0.590625 0.175 0.28125
0 0.8109375 0.58828125 0.378125 0.2765625
0 0.7109375 0.86484375 0.521875 0.2703125