0 0.4140625 0.1 0.15 0.2
0 0.07890625 0.04765625 0.0734375 0.0515625
0 0.09296875 0.38984375 0.1859375 0.0984375
0 0.27265625 0.32421875 0.0734375 0.071875
0 0.21875 0.45 0.146875 0.1
0 0.2734375 0.23046875 0.096875 0.0609375
0 0.19921875 0.009375 0.0515625 0.01875
0 0.0390625 0.078125 0.078125 0.053125
0 0.88828125 0.06796875 0.053125 0.0359375
0 0.54765625 0.35546875 0.1171875 0.0578125
0 0.79375 0.46875 0.1 0.0625
0 0.88359375 0.32421875 0.0578125 0.0359375
0 0.59375 0.3109375 0.05 0.021875
0 0.57265625 0.23671875 0.0484375 0.03125
0 0.66015625 0.471875 0.0421875 0.0265625
0 0.74765625 0.425 0.053125 0.034375
0 0.153125 0.86171875 0.30625 0.2765625
0 0.4484375 0.8265625 0.075 0.0453125
0 0.459375 0.58046875 0.059375 0.0390625
0 0.07109375 0.8546875 0.040625 0.040625
0 0.09453125 0.54296875 0.0609375 0.040625
0 0.1765625 0.53125 0.059375 0.0625
0 0.2671875 0.53828125 0.0484375 0.0296875
0 0.86484375 0.93984375 0.2703125 0.1203125
0 0.7390625 0.8625 0.075 0.06875
0 0.63671875 0.9765625 0.0453125 0.046875
0 0.56484375 0.95078125 0.03125 0.040625
0 0.60859375 0.61015625 0.065625 0.065625
0 0.93671875 0.6140625 0.0859375 0.090625
0 0.62265625 0.7109375 0.0640625 0.065625
0 0.678125 0.65 0.040625 0.0359375
0 0.5265625 0.77890625 0.0390625 0.04375
0 0.5328125 0.6671875 0.03125 0.0359375
0 0.8453125 0.6125 0.0265625 0.05
0 0.6421875 0.7765625 0.01875 0.025
0 0.91953125 0.86875 0.096875 0.0359375
0 0.725 0.5421875 0.0390625 0.0265625