0 0.665625 0.1515625 0.0625 0.0609375
0 0.56953125 0.16328125 0.0484375 0.0375
0 0.3609375 0.084375 0.0578125 0.0375
0 0.27421875 0.3375 0.0703125 0.040625
0 0.0875 0.290625 0.0359375 0.0390625
0 0.6 0.46875 0.184375 0.165625
0 0.72734375 0.6578125 0.1109375 0.1203125
0 0.32421875 0.74296875 0.03125 0.0265625
0 0.109375 0.5203125 0.0921875 0.0671875
0 0.72578125 0.40234375 0.0890625 0.04375
0 0.5890625 0.08046875 0.065625 0.0453125
0 0.40625 0.14765625 0.0453125 0.0265625
0 0.584375 0.321875 0.0484375 0.0171875
0 0.8765625 0.28828125 0.04375 0.04375
0 0.365625 0.28984375 0.071875 0.04375
0 0.3421875 0.14921875 0.0453125 0.0265625
0 0.7703125 0.27421875 0.0234375 0.03125
0 0.73828125 0.30625 0.040625 0.021875