0 0.34140625 0.3765625 0.0453125 0.03125
0 0.3125 0.20078125 0.103125 0.0609375
0 0.43515625 0.103125 0.1109375 0.20625
0 0.559375 0.30625 0.315625 0.26875
0 0.73203125 0.1171875 0.2984375 0.234375
0 0.76875 0.4921875 0.221875 0.153125
0 0.4109375 0.35546875 0.0625 0.2703125
0 0.88359375 0.39296875 0.1859375 0.2359375
0 0.9328125 0.14765625 0.134375 0.2953125
0 0.03125 0.7046875 0.0625 0.0375
0 0.03359375 0.8109375 0.0671875 0.09375
0 0.34921875 0.96484375 0.0609375 0.0703125
0 0.309375 0.82265625 0.140625 0.2328125
0 0.228125 0.8484375 0.1109375 0.1515625
0 0.36015625 0.6046875 0.0390625 0.040625
0 0.25859375 0.66796875 0.0484375 0.0453125
0 0.39453125 0.78203125 0.0296875 0.0234375
0 0.665625 0.84140625 0.1734375 0.1640625
0 0.74296875 0.80078125 0.0359375 0.025
0 0.51875 0.66484375 0.028125 0.0203125
0 0.546875 0.81484375 0.0484375 0.0296875
0 0.6703125 0.73671875 0.09375 0.03125
0 0.4515625 0.59140625 0.0203125 0.0171875
0 0.9328125 0.6109375 0.0203125 0.0203125