0 0.028125 0.0609375 0.05625 0.121875
0 0.09140625 0.228125 0.1109375 0.1203125
0 0.8296875 0.228125 0.278125 0.2984375
0 0.625 0.09296875 0.2875 0.1859375
0 0.42890625 0.2 0.2515625 0.4
0 0.63828125 0.26328125 0.1890625 0.2734375
0 0.85234375 0.3640625 0.2609375 0.071875
0 0.8265625 0.09140625 0.2375 0.1828125
0 0.93203125 0.22734375 0.1359375 0.3453125
0 0.109375 0.70234375 0.21875 0.5953125
0 0.790625 0.77734375 0.103125 0.1703125
0 0.7015625 0.7328125 0.13125 0.246875
0 0.59609375 0.9203125 0.1140625 0.159375
0 0.403125 0.7609375 0.16875 0.1765625
0 0.54921875 0.7609375 0.1734375 0.2640625
0 0.46875 0.63203125 0.128125 0.1078125
0 0.50859375 0.48359375 0.1515625 0.1671875
0 0.33046875 0.5890625 0.2234375 0.2875
0 0.975 0.915625 0.05 0.16875
0 0.97421875 0.71953125 0.0515625 0.2640625
0 0.9546875 0.5 0.090625 0.2
0 0.85078125 0.62265625 0.228125 0.2546875
0 0.86484375 0.871875 0.1703125 0.25625
0 0.68984375 0.903125 0.1734375 0.19375
0 0.61875 0.59609375 0.184375 0.2953125
0 0.721875 0.46875 0.15625 0.1375
0 0.43203125 0.41328125 0.1703125 0.0265625
0 0.87109375 0.44765625 0.1390625 0.0953125