0 0.26171875 0.35546875 0.053125 0.0359375
0 0.56953125 0.27734375 0.059375 0.0515625
0 0.275 0.41328125 0.0390625 0.025
0 0.22109375 0.16953125 0.025 0.0296875
0 0.31953125 0.240625 0.04375 0.025
0 0.47734375 0.61796875 0.128125 0.0828125
0 0.41484375 0.91953125 0.0484375 0.0359375
0 0.69921875 0.84140625 0.0296875 0.025
0 0.6 0.9015625 0.025 0.0203125
0 0.4390625 0.85703125 0.0265625 0.0203125
0 0.4953125 0.37265625 0.040625 0.0296875
0 0.59765625 0.584375 0.1140625 0.0578125
0 0.50390625 0.69609375 0.0484375 0.021875
0 0.70703125 0.6734375 0.025 0.03125
0 0.35703125 0.6390625 0.04375 0.025
0 0.21171875 0.94609375 0.03125 0.0203125
0 0.73046875 0.08046875 0.0609375 0.025
0 0.75859375 0.18359375 0.03125 0.0296875
0 0.75859375 0.36796875 0.0390625 0.0390625
0 0.11171875 0.421875 0.0578125 0.0359375
0 0.1890625 0.584375 0.0765625 0.075
0 0.35 0.546875 0.0359375 0.0171875
0 0.83671875 0.48046875 0.0625 0.0578125
0 0.8390625 0.5265625 0.0890625 0.0484375