0 0.1046875 0.09921875 0.196875 0.1984375
0 0.3953125 0.32578125 0.184375 0.2484375
0 0.2046875 0.4375 0.065625 0.025
0 0.29921875 0.08125 0.2640625 0.1625
0 0.2546875 0.32421875 0.0609375 0.040625
0 0.46640625 0.215625 0.0390625 0.040625
0 0.771875 0.23984375 0.346875 0.2359375
0 0.915625 0.3921875 0.028125 0.01875
0 0.071875 0.653125 0.14375 0.40625
0 0.24921875 0.70234375 0.2546875 0.3109375
0 0.50078125 0.72265625 0.1578125 0.3703125
0 0.4046875 0.9078125 0.35 0.184375
0 0.78984375 0.68515625 0.4203125 0.4703125