0 0.18984375 0.05703125 0.0609375 0.0515625
0 0.09765625 0.39765625 0.1265625 0.0828125
0 0.115625 0.15234375 0.040625 0.0296875
0 0.21796875 0.3640625 0.1140625 0.0578125
0 0.12421875 0.47578125 0.0484375 0.021875
0 0.32734375 0.453125 0.0234375 0.03125
0 0.37890625 0.14765625 0.0390625 0.0390625
0 0.45703125 0.26015625 0.0625 0.0578125
0 0.45703125 0.30546875 0.0859375 0.0484375
0 0.67109375 0.0703125 0.3421875 0.140625
0 0.85 0.01953125 0.196875 0.0390625
0 0.86640625 0.178125 0.2671875 0.25
0 0.8390625 0.5375 0.321875 0.103125
0 0.83515625 0.3984375 0.3296875 0.228125
0 0.63359375 0.246875 0.2671875 0.18125
0 0.60234375 0.48984375 0.2046875 0.1984375
0 0.29296875 0.92421875 0.1421875 0.084375
0 0.4625 0.81328125 0.075 0.0796875
0 0.3859375 0.63359375 0.0625 0.0765625
0 0.19453125 0.6765625 0.2859375 0.175
0 0.47421875 0.74375 0.0515625 0.0375
0 0.19609375 0.98515625 0.1484375 0.0296875
0 0.3578125 0.79609375 0.0375 0.0328125
0 0.6953125 0.7203125 0.0484375 0.05
0 0.53359375 0.82734375 0.0609375 0.0390625
0 0.9390625 0.934375 0.04375 0.034375
0 0.52890625 0.903125 0.0265625 0.025
0 0.9234375 0.909375 0.040625 0.0390625