0 0.73984375 0.1734375 0.5203125 0.253125
0 0.534375 0.15 0.109375 0.3
0 0.86328125 0.07109375 0.2734375 0.1421875
0 0.61015625 0.03828125 0.2609375 0.0765625
0 0.08046875 0.66171875 0.1609375 0.2390625
0 0.06171875 0.85859375 0.1234375 0.1859375
0 0.21484375 0.89921875 0.2765625 0.2015625
0 0.33359375 0.53828125 0.2640625 0.23125
0 0.34609375 0.71640625 0.2671875 0.1171875
0 0.453125 0.87421875 0.053125 0.2171875
0 0.44453125 0.54453125 0.0703125 0.1046875
0 0.39375 0.63828125 0.171875 0.1296875
0 0.29921875 0.3640625 0.2859375 0.128125
0 0.1375 0.453125 0.275 0.1875
0 0.07578125 0.94765625 0.1515625 0.1046875
0 0.34765625 0.9015625 0.1921875 0.196875
0 0.60546875 0.37109375 0.2515625 0.1421875
0 0.94609375 0.36015625 0.0640625 0.0453125
0 0.75 0.49296875 0.06875 0.0453125
0 0.93046875 0.6828125 0.053125 0.0546875
0 0.8765625 0.81484375 0.075 0.0578125
0 0.521875 0.62734375 0.0828125 0.05625