0 0.30546875 0.2578125 0.0453125 0.03125
0 0.2765625 0.08203125 0.103125 0.0609375
0 0.26796875 0.4890625 0.2703125 0.140625
0 0.46953125 0.1859375 0.053125 0.04375
0 0.96328125 0.2453125 0.0671875 0.065625
0 0.7984375 0.2609375 0.046875 0.028125
0 0.71328125 0.10234375 0.065625 0.0453125
0 0.69765625 0.425 0.053125 0.05625
0 0.98671875 0.36875 0.0265625 0.065625
0 0.64296875 0.54375 0.0734375 0.03125
0 0.21484375 0.98359375 0.1421875 0.0328125
0 0.390625 0.9 0.0875 0.0796875
0 0.3078125 0.71953125 0.0625 0.0765625
0 0.1296875 0.7046875 0.259375 0.290625
0 0.4578125 0.65625 0.121875 0.0984375
0 0.4 0.83046875 0.059375 0.0390625
0 0.2796875 0.88203125 0.0390625 0.034375
0 0.5328125 0.63984375 0.034375 0.0734375
0 0.6875 0.7578125 0.059375 0.0625
0 0.6 0.60078125 0.1 0.0828125