0 0.1921875 0.13828125 0.071875 0.1078125
0 0.09765625 0.15859375 0.053125 0.040625
0 0.23828125 0.078125 0.125 0.084375
0 0.453125 0.2015625 0.1203125 0.1078125
0 0.56640625 0.12265625 0.0828125 0.0828125
0 0.2171875 0.2453125 0.0765625 0.053125
0 0.65390625 0.22265625 0.1390625 0.0828125
0 0.4171875 0.30390625 0.0453125 0.0453125
0 0.4203125 0.39453125 0.1296875 0.0515625
0 0.18359375 0.4578125 0.065625 0.065625
0 0.140625 0.41328125 0.065625 0.0609375
0 0.1046875 0.36875 0.0578125 0.0453125
0 0.11640625 0.553125 0.065625 0.040625
0 0.39453125 0.54921875 0.053125 0.065625
0 0.40390625 0.4828125 0.0859375 0.071875
0 0.5515625 0.49140625 0.0890625 0.0875
0 0.5640625 0.5875 0.075 0.0671875
0 0.64765625 0.65859375 0.075 0.05625
0 0.68515625 0.68984375 0.0671875 0.05625
0 0.771875 0.725 0.0875 0.04375
0 0.80390625 0.80859375 0.0625 0.0828125
0 0.61171875 0.5453125 0.040625 0.0390625
0 0.74296875 0.56015625 0.084375 0.0484375
0 0.484375 0.80546875 0.0703125 0.065625
0 0.275 0.73828125 0.0796875 0.084375
0 0.47578125 0.6140625 0.05625 0.040625
0 0.49375 0.5296875 0.0390625 0.04375
0 0.8859375 0.8328125 0.1015625 0.096875
0 0.8390625 0.515625 0.0625 0.0625
0 0.7515625 0.51953125 0.065625 0.0609375
0 0.77890625 0.240625 0.0578125 0.065625
0 0.7796875 0.15625 0.075 0.0625
0 0.8375 0.21171875 0.0625 0.0765625
0 0.765625 0.0578125 0.075 0.0609375
0 0.51796875 0.0296875 0.11875 0.0578125
0 0.33515625 0.0671875 0.084375 0.053125
0 0.15625 0.2984375 0.103125 0.0625
0 0.42421875 0.26953125 0.0875 0.0359375
0 0.7640625 0.4 0.10625 0.09375
0 0.9015625 0.30390625 0.065625 0.053125
0 0.89453125 0.58046875 0.0515625 0.0484375
0 0.790625 0.5984375 0.053125 0.053125
0 0.84609375 0.66484375 0.053125 0.034375
0 0.8859375 0.69453125 0.0515625 0.03125
0 0.5328125 0.3890625 0.0390625 0.03125
0 0.609375 0.38125 0.1015625 0.0453125
0 0.78515625 0.3484375 0.1421875 0.0609375
0 0.35546875 0.15 0.0453125 0.040625
0 0.85234375 0.76171875 0.0828125 0.0703125
0 0.7015625 0.303125 0.0765625 0.0359375
0 0.959375 0.42890625 0.0578125 0.053125
0 0.9375 0.53125 0.084375 0.053125
0 0.9671875 0.4796875 0.0625 0.04375
0 0.9703125 0.3703125 0.0578125 0.04375
0 0.9625 0.2484375 0.0515625 0.0359375
0 0.8859375 0.48203125 0.03125 0.0359375
0 0.81484375 0.5609375 0.0453125 0.040625