0 0.45859375 0.1 0.0609375 0.165625
0 0.38828125 0.24375 0.134375 0.1328125
0 0.3125 0.26953125 0.0796875 0.0578125
0 0.30390625 0.303125 0.0953125 0.05
0 0.17890625 0.22265625 0.040625 0.0265625
0 0.1078125 0.0671875 0.0625 0.04375
0 0.40234375 0.36875 0.1109375 0.075
0 0.32421875 0.3796875 0.0984375 0.06875
0 0.2703125 0.4578125 0.11875 0.075
0 0.0421875 0.43828125 0.084375 0.0484375
0 0.140625 0.4046875 0.125 0.065625
0 0.03671875 0.096875 0.0734375 0.121875
0 0.11015625 0.56640625 0.103125 0.075
0 0.0203125 0.38828125 0.040625 0.0578125
0 0.203125 0.6625 0.1109375 0.04375
0 0.47421875 0.5328125 0.0296875 0.05
0 0.4546875 0.6390625 0.06875 0.040625
0 0.16015625 0.7171875 0.0890625 0.025
0 0.28125 0.03984375 0.0484375 0.0328125
0 0.775 0.42890625 0.134375 0.1421875
0 0.8546875 0.3796875 0.03125 0.0203125
0 0.94140625 0.3734375 0.03125 0.021875
0 0.890625 0.4375 0.025 0.028125
0 0.74375 0.29765625 0.028125 0.0203125
0 0.7296875 0.34375 0.0359375 0.01875
0 0.52265625 0.7203125 0.0359375 0.01875
0 0.89765625 0.6921875 0.021875 0.01875
0 0.72265625 0.72421875 0.0234375 0.0109375
0 0.496875 0.53203125 0.015625 0.0171875
0 0.56875 0.49140625 0.025 0.0109375
0 0.6109375 0.51171875 0.01875 0.021875
0 0.59140625 0.51328125 0.0171875 0.0171875
0 0.5671875 0.53984375 0.01875 0.0265625
0 0.3109375 0.94609375 0.0625 0.0515625
0 0.43984375 0.96484375 0.0625 0.0421875
0 0.36171875 0.84140625 0.0703125 0.0578125
0 0.13046875 0.8265625 0.0359375 0.034375
0 0.11171875 0.78828125 0.0296875 0.0265625
0 0.14375 0.76328125 0.0375 0.028125
0 0.3265625 0.77421875 0.0515625 0.0203125
0 0.225 0.98359375 0.03125 0.0328125
0 0.565625 0.91484375 0.153125 0.1703125
0 0.70859375 0.9265625 0.1421875 0.146875
0 0.8234375 0.84765625 0.24375 0.2359375
0 0.60859375 0.79140625 0.2390625 0.1234375
0 0.93203125 0.77109375 0.1359375 0.0828125