0 0.278125 0.06171875 0.090625 0.0515625
0 0.115625 0.3625 0.059375 0.0625
0 0.0390625 0.19453125 0.078125 0.1046875
0 0.60078125 0.23984375 0.2015625 0.4390625
0 0.84375 0.25078125 0.2875 0.4171875
0 0.97890625 0.29609375 0.0421875 0.3109375
0 0.2171875 0.7125 0.30625 0.259375
0 0.41875 0.79296875 0.1625 0.1203125
0 0.071875 0.91171875 0.14375 0.1765625
0 0.7671875 0.80390625 0.125 0.0578125
0 0.67109375 0.815625 0.0734375 0.046875
0 0.98359375 0.9171875 0.0328125 0.0625
0 0.8171875 0.759375 0.0515625 0.021875
0 0.79609375 0.68515625 0.0484375 0.03125
0 0.88359375 0.9203125 0.04375 0.0265625
0 0.97109375 0.8734375 0.053125 0.034375
0 0.58203125 0.7015625 0.025 0.0265625
0 0.5484375 0.80625 0.028125 0.0359375