0 0.13046875 0.23359375 0.071875 0.040625
0 0.22421875 0.18125 0.071875 0.04375
0 0.05 0.09375 0.0484375 0.028125
0 0.5921875 0.20234375 0.040625 0.021875
0 0.62109375 0.16875 0.021875 0.0296875
0 0.51796875 0.1671875 0.021875 0.0203125
0 0.86328125 0.15546875 0.2734375 0.2484375
0 0.6609375 0.325 0.05625 0.03125
0 0.3421875 0.75 0.190625 0.1125
0 0.1296875 0.52421875 0.125 0.0578125
0 0.03515625 0.53515625 0.0703125 0.0453125
0 0.38046875 0.63828125 0.1015625 0.0625
0 0.06328125 0.75625 0.0359375 0.0359375
0 0.01953125 0.83515625 0.0390625 0.0328125
0 0.4765625 0.8703125 0.2953125 0.1390625
0 0.6703125 0.92265625 0.0375 0.0390625
0 0.62578125 0.7140625 0.075 0.0390625
0 0.49453125 0.7390625 0.0453125 0.028125
0 0.46953125 0.49296875 0.0578125 0.0359375
0 0.35390625 0.990625 0.0484375 0.01875
0 0.1796875 0.4796875 0.0515625 0.021875
0 0.24609375 0.640625 0.04375 0.0265625
0 0.33359375 0.59375 0.053125 0.034375
0 0.30859375 0.93984375 0.0578125 0.0125
0 0.5234375 0.796875 0.0609375 0.034375
0 0.6453125 0.80703125 0.040625 0.025
0 0.575 0.83828125 0.0703125 0.040625
0 0.59375 0.75625 0.065625 0.025
0 0.71875 0.74140625 0.059375 0.2578125
0 0.775 0.3734375 0.171875 0.1875
0 0.84453125 0.53046875 0.3109375 0.1171875
0 0.9109375 0.68828125 0.178125 0.2171875
0 0.8203125 0.91484375 0.2625 0.1703125
0 0.871875 0.359375 0.134375 0.10625
0 0.846875 0.453125 0.2859375 0.13125
0 0.9640625 0.34140625 0.071875 0.1234375
0 0.7640625 0.7578125 0.15 0.28125