0 0.16171875 0.4296875 0.3046875 0.21875
0 0.3609375 0.5046875 0.15625 0.06875
0 0.41484375 0.25078125 0.0484375 0.1828125
0 0.315625 0.0421875 0.134375 0.084375
0 0.02578125 0.071875 0.0515625 0.103125
0 0.7625 0.26953125 0.475 0.5390625
0 0.25078125 0.7515625 0.1734375 0.1625
0 0.328125 0.709375 0.0375 0.025
0 0.22421875 0.56171875 0.0296875 0.021875
0 0.27890625 0.56640625 0.0234375 0.0203125
0 0.103125 0.5734375 0.0296875 0.0203125
0 0.13046875 0.72421875 0.0484375 0.028125
0 0.22421875 0.95 0.0265625 0.0203125
0 0.29921875 0.91640625 0.03125 0.0171875
0 0.25546875 0.646875 0.09375 0.03125
0 0.60703125 0.9265625 0.165625 0.121875
0 0.5046875 0.70859375 0.128125 0.05625
0 0.84375 0.9671875 0.053125 0.065625
0 0.975 0.565625 0.05 0.0375
0 0.9671875 0.8203125 0.0375 0.053125
0 0.71171875 0.5625 0.0390625 0.046875
0 0.6046875 0.55390625 0.034375 0.0296875
0 0.971875 0.9859375 0.0375 0.028125