0 0.0921875 0.2359375 0.03125 0.040625
0 0.27734375 0.28515625 0.071875 0.040625
0 0.1078125 0.4625 0.0890625 0.0609375
0 0.37109375 0.2328125 0.071875 0.04375
0 0.73203125 0.6078125 0.10625 0.121875
0 0.60234375 0.41796875 0.1796875 0.1609375
0 0.3234375 0.68515625 0.04375 0.034375
0 0.196875 0.1453125 0.0484375 0.0265625
0 0.7234375 0.34765625 0.0859375 0.040625
0 0.7390625 0.25390625 0.040625 0.021875
0 0.76796875 0.2203125 0.021875 0.0296875
0 0.66484375 0.21875 0.021875 0.0203125
0 0.37265625 0.5265625 0.0484375 0.034375
0 0.2203125 0.44921875 0.0203125 0.03125