0 0.48125 0.0734375 0.05625 0.065625
0 0.40859375 0.01484375 0.0671875 0.0296875
0 0.17578125 0.01484375 0.0546875 0.0296875
0 0.22734375 0.07421875 0.0515625 0.0296875
0 0.09609375 0.2640625 0.071875 0.040625
0 0.18671875 0.21328125 0.071875 0.0421875
0 0.41953125 0.390625 0.1796875 0.15625
0 0.38828125 0.0875 0.0390625 0.0453125
0 0.01953125 0.12109375 0.0390625 0.0265625
0 0.403125 0.246875 0.04375 0.01875
0 0.48125 0.19765625 0.021875 0.0203125
0 0.04140625 0.425 0.0203125 0.03125
0 0.27890625 0.13203125 0.0359375 0.0296875
0 0.525 0.103125 0.03125 0.09375
0 0.74140625 0.08984375 0.103125 0.0640625
0 0.7546875 0.3046875 0.490625 0.328125
0 0.2453125 0.66328125 0.1734375 0.1640625
0 0.32265625 0.62265625 0.0359375 0.025
0 0.21796875 0.4765625 0.0296875 0.015625
0 0.2734375 0.4796875 0.025 0.0171875
0 0.0984375 0.48671875 0.028125 0.0203125
0 0.1265625 0.63671875 0.0484375 0.0296875
0 0.21875 0.86171875 0.0265625 0.0171875
0 0.29375 0.828125 0.03125 0.01875
0 0.25 0.55859375 0.09375 0.03125
0 0.503125 0.5953125 0.0125 0.025
0 0.934375 0.90859375 0.0625 0.0765625
0 0.74296875 0.87265625 0.2859375 0.2546875
0 0.609375 0.728125 0.075 0.0671875
0 0.51953125 0.8453125 0.0203125 0.053125
0 0.80625 0.496875 0.0875 0.05625
0 0.96171875 0.4890625 0.0765625 0.040625
0 0.5171875 0.57578125 0.015625 0.0640625
0 0.5484375 0.515625 0.040625 0.0375
0 0.71484375 0.48515625 0.0265625 0.0328125
0 0.515625 0.64140625 0.0125 0.0234375
0 0.78984375 0.734375 0.0953125 0.0375