0 0.47734375 0.01328125 0.0671875 0.0265625
0 0.31171875 0.0125 0.0453125 0.025
0 0.21171875 0.175 0.053125 0.05625
0 0.52109375 0.11953125 0.0640625 0.0640625
0 0.65625 0.159375 0.05625 0.0609375
0 0.67109375 0.07890625 0.0625 0.0609375
0 0.58203125 0.1125 0.0484375 0.028125
0 0.1578125 0.30703125 0.075 0.0578125
0 0.8359375 0.10625 0.196875 0.2125
0 0.94921875 0.08828125 0.1015625 0.1765625
0 0.97734375 0.3375 0.0453125 0.040625
0 0.02109375 0.865625 0.0421875 0.10625
0 0.14140625 0.80234375 0.2421875 0.2140625
0 0.05625 0.6671875 0.1125 0.14375
0 0.26875 0.5859375 0.2375 0.178125
0 0.36015625 0.73046875 0.0703125 0.0390625
0 0.3515625 0.8359375 0.096875 0.09375
0 0.684375 0.97734375 0.06875 0.0453125
0 0.64453125 0.84765625 0.1484375 0.2328125
0 0.559375 0.8734375 0.1109375 0.1515625
0 0.684375 0.4625 0.06875 0.046875
0 0.6953125 0.6296875 0.046875 0.040625
0 0.58984375 0.69296875 0.0484375 0.0453125
0 0.259375 0.48984375 0.0453125 0.034375
0 0.43828125 0.4578125 0.0734375 0.0375
0 0.5140625 0.453125 0.034375 0.028125
0 0.859375 0.71953125 0.28125 0.5609375