0 0.33671875 0.1640625 0.1046875 0.1109375
0 0.20625 0.03359375 0.18125 0.0671875
0 0.94765625 0.19921875 0.1046875 0.2453125
0 0.77109375 0.103125 0.2390625 0.1640625
0 0.7796875 0.19921875 0.2015625 0.16875
0 0.69296875 0.3203125 0.246875 0.2625
0 0.88671875 0.43671875 0.2265625 0.3453125
0 0.61328125 0.51875 0.1484375 0.18125
0 0.57890625 0.165625 0.0796875 0.15625
0 0.659375 0.02265625 0.184375 0.0453125
0 0.09765625 0.70546875 0.1953125 0.1921875
0 0.41484375 0.7890625 0.1953125 0.284375
0 0.4953125 0.9203125 0.0875 0.159375
0 0.44375 0.75625 0.190625 0.29375
0 0.1703125 0.92578125 0.21875 0.1484375
0 0.2234375 0.84921875 0.271875 0.3015625
0 0.05625 0.8046875 0.1125 0.390625
0 0.55390625 0.7125 0.0296875 0.03125
0 0.58671875 0.98671875 0.0453125 0.0265625
0 0.696875 0.78125 0.028125 0.0296875
0 0.58828125 0.6140625 0.0203125 0.009375
0 0.73359375 0.89296875 0.0359375 0.025
0 0.8296875 0.9375 0.0484375 0.0390625
0 0.671875 0.88125 0.053125 0.0265625
0 0.65390625 0.67421875 0.0359375 0.0265625