0 0.34921875 0.48671875 0.0609375 0.0796875
0 0.2796875 0.30703125 0.0625 0.0765625
0 0.115625 0.28359375 0.23125 0.2796875
0 0.3609375 0.4171875 0.0375 0.0375
0 0.2515625 0.46953125 0.0375 0.0328125
0 0.13515625 0.1328125 0.0953125 0.0375
0 0.6984375 0.1234375 0.1125 0.0671875
0 0.9390625 0.2484375 0.121875 0.165625
0 0.83828125 0.3921875 0.134375 0.1328125
0 0.7625 0.41796875 0.0796875 0.0578125
0 0.75390625 0.4515625 0.096875 0.0515625
0 0.62890625 0.37109375 0.040625 0.0265625
0 0.5578125 0.215625 0.0625 0.04375
0 0.85234375 0.5046875 0.1109375 0.05
0 0.77421875 0.5109375 0.0984375 0.0375
0 0.4078125 0.3890625 0.05625 0.065625
0 0.63203125 0.01484375 0.0703125 0.0296875
0 0.57109375 0.0171875 0.1203125 0.034375
0 0.75 0.0203125 0.071875 0.040625
0 0.4515625 0.2453125 0.14375 0.121875
0 0.4421875 0.51875 0.096875 0.021875
0 0.73125 0.18828125 0.0484375 0.0328125
0 0.05390625 0.8921875 0.1078125 0.19375
0 0.18828125 0.87734375 0.1328125 0.1484375
0 0.284375 0.93125 0.190625 0.1375
0 0.9046875 0.884375 0.190625 0.23125
0 0.653125 0.93671875 0.03125 0.021875
0 0.4859375 0.64375 0.05 0.021875