0 0.428125 0.4828125 0.0875 0.0796875
0 0.3453125 0.30234375 0.0625 0.0765625
0 0.15390625 0.2796875 0.2859375 0.278125
0 0.028125 0.12109375 0.05625 0.0671875
0 0.4953125 0.2390625 0.121875 0.0984375
0 0.4375 0.41328125 0.0578125 0.0390625
0 0.3171875 0.46484375 0.0375 0.0328125
0 0.20078125 0.128125 0.0953125 0.0375
0 0.5765625 0.22265625 0.046875 0.0734375
0 0.71171875 0.20078125 0.2234375 0.2265625
0 0.66640625 0.46640625 0.1328125 0.2265625
0 0.7765625 0.55546875 0.21875 0.0484375
0 0.9125 0.46328125 0.096875 0.2328125
0 0.959375 0.4421875 0.08125 0.275
0 0.9140625 0.10078125 0.171875 0.1578125
0 0.78828125 0.3640625 0.1875 0.259375
0 0.16640625 0.71328125 0.3328125 0.2671875
0 0.51015625 0.74453125 0.1796875 0.3296875
0 0.8109375 0.7109375 0.2875 0.2625
0 0.9625 0.70390625 0.075 0.2484375