0 0.1671875 0.2484375 0.30625 0.259375
0 0.3703125 0.32890625 0.1625 0.1203125
0 0.6 0.21171875 0.021875 0.0171875
0 0.603125 0.359375 0.028125 0.025
0 0.87421875 0.36796875 0.1734375 0.0640625
0 0.9515625 0.3765625 0.0359375 0.0234375
0 0.84765625 0.22890625 0.0296875 0.021875
0 0.878125 0.17265625 0.021875 0.0140625
0 0.90234375 0.23359375 0.0234375 0.0203125
0 0.65546875 0.0265625 0.0203125 0.0125
0 0.709375 0.11796875 0.0390625 0.0125
0 0.7265625 0.240625 0.0296875 0.0203125
0 0.75390625 0.38828125 0.0484375 0.0234375
0 0.87890625 0.3140625 0.09375 0.03125
0 0.659375 0.1671875 0.0203125 0.0203125
0 0.77734375 0.1796875 0.0171875 0.0171875
0 0.5109375 0.85546875 0.0625 0.0765625
0 0.31953125 0.8328125 0.2859375 0.278125
0 0.1859375 0.675 0.075 0.0671875
0 0.084375 0.7921875 0.046875 0.053125
0 0.01328125 0.7625 0.0265625 0.040625
0 0.58125 0.965625 0.015625 0.0375
0 0.0546875 0.42734375 0.065625 0.0546875
0 0.3828125 0.4359375 0.0875 0.071875
0 0.54140625 0.428125 0.0828125 0.05625
0 0.06953125 0.5234375 0.065625 0.065625
0 0.125 0.4625 0.040625 0.0359375
0 0.2921875 0.425 0.0265625 0.0484375
0 0.0890625 0.5890625 0.0203125 0.0234375
0 0.36640625 0.68125 0.096875 0.0359375
0 0.646875 0.6609375 0.115625 0.13125
0 0.69140625 0.74375 0.1015625 0.08125
0 0.7421875 0.86875 0.128125 0.1125
0 0.89375 0.88046875 0.153125 0.1265625
0 0.95546875 0.92890625 0.0890625 0.1421875
0 0.84453125 0.9484375 0.2171875 0.103125
0 0.85390625 0.59140625 0.18125 0.1328125
0 0.79765625 0.6671875 0.1234375 0.103125
0 0.915625 0.68984375 0.16875 0.1421875
0 0.94140625 0.49140625 0.1171875 0.1328125
0 0.77265625 0.45078125 0.1484375 0.1015625
0 0.6515625 0.5125 0.125 0.184375
0 0.9234375 0.43203125 0.153125 0.0640625
0 0.6796875 0.94609375 0.121875 0.1078125