0 0.51953125 0.4609375 0.3046875 0.1375
0 0.209375 0.16171875 0.0625 0.0515625
0 0.05859375 0.05 0.1171875 0.1
0 0.84140625 0.134375 0.1109375 0.05625
0 0.9578125 0.05234375 0.034375 0.0203125
0 0.7703125 0.340625 0.034375 0.03125
0 0.71953125 0.275 0.0515625 0.0359375
0 0.9140625 0.409375 0.0296875 0.0296875
0 0.80625 0.2359375 0.0203125 0.025
0 0.80234375 0.184375 0.034375 0.03125
0 0.95078125 0.51875 0.0359375 0.021875
0 0.8890625 0.509375 0.053125 0.0265625
0 0.87109375 0.30234375 0.0359375 0.0265625
0 0.48671875 0.9859375 0.1421875 0.028125
0 0.64921875 0.90390625 0.0609375 0.0796875
0 0.5796875 0.72421875 0.0625 0.0765625
0 0.38828125 0.70859375 0.2859375 0.2921875
0 0.25390625 0.553125 0.0734375 0.046875
0 0.153125 0.6609375 0.0453125 0.053125
0 0.08046875 0.63203125 0.03125 0.040625
0 0.6609375 0.834375 0.0375 0.0375
0 0.5515625 0.88671875 0.0390625 0.034375
0 0.03984375 0.8890625 0.0484375 0.03125
0 0.43515625 0.55 0.0953125 0.0359375
0 0.79453125 0.5625 0.2078125 0.065625
0 0.9296875 0.55390625 0.09375 0.0484375
0 0.959375 0.640625 0.08125 0.221875
0 0.8484375 0.65 0.184375 0.2046875
0 0.71328125 0.78203125 0.0671875 0.2453125
0 0.86796875 0.86015625 0.2640625 0.2203125
0 0.89296875 0.9578125 0.1703125 0.084375