0 0.0921875 0.21015625 0.03125 0.0359375
0 0.27734375 0.25390625 0.071875 0.0359375
0 0.1078125 0.41328125 0.0890625 0.053125
0 0.37109375 0.2078125 0.071875 0.0359375
0 0.73203125 0.5421875 0.10625 0.1109375
0 0.60234375 0.3734375 0.1796875 0.1453125
0 0.3234375 0.61171875 0.04375 0.03125
0 0.196875 0.1296875 0.0484375 0.021875
0 0.7234375 0.31015625 0.0859375 0.0359375
0 0.7390625 0.22578125 0.040625 0.0203125
0 0.76796875 0.19609375 0.021875 0.0265625
0 0.66484375 0.19453125 0.021875 0.0171875
0 0.37265625 0.4703125 0.0484375 0.03125
0 0.2203125 0.4015625 0.0203125 0.0265625