0 0.18046875 0.0703125 0.1609375 0.10625
0 0.4421875 0.0609375 0.215625 0.121875
0 0.284375 0.1859375 0.259375 0.165625
0 0.60859375 0.02890625 0.1171875 0.0578125
0 0.86328125 0.01328125 0.2359375 0.0265625
0 0.8921875 0.078125 0.215625 0.134375
0 0.82734375 0.1671875 0.221875 0.128125
0 0.6859375 0.12578125 0.190625 0.11875
0 0.7265625 0.0390625 0.146875 0.078125
0 0.70625 0.24609375 0.19375 0.0453125
0 0.87265625 0.23984375 0.1359375 0.0578125
0 0.48046875 0.84453125 0.084375 0.1640625
0 0.17890625 0.93046875 0.1765625 0.1390625
0 0.36171875 0.846875 0.0640625 0.14375
0 0.4921875 0.61015625 0.0703125 0.0828125
0 0.07421875 0.428125 0.0578125 0.05
0 0.30859375 0.48984375 0.0578125 0.0828125
0 0.12265625 0.54140625 0.0296875 0.0515625
0 0.0671875 0.8828125 0.0671875 0.1015625
0 0.22109375 0.8140625 0.034375 0.0484375
0 0.50546875 0.7375 0.0484375 0.059375
0 0.09453125 0.4984375 0.0140625 0.034375
0 0.3375 0.715625 0.0203125 0.0515625
0 0.2859375 0.725 0.0359375 0.03125
0 0.3265625 0.928125 0.0328125 0.03125
0 0.36640625 0.590625 0.0234375 0.0265625
0 0.4375 0.48984375 0.0171875 0.021875
0 0.43515625 0.965625 0.0203125 0.025
0 0.66328125 0.303125 0.2109375 0.06875
0 0.878125 0.3984375 0.24375 0.259375
0 0.9078125 0.63671875 0.184375 0.2046875
0 0.9125 0.8375 0.175 0.325
0 0.725 0.690625 0.35 0.45