0 0.07265625 0.19140625 0.1453125 0.1578125
0 0.4703125 0.29609375 0.0625 0.0515625
0 0.52109375 0.19140625 0.0703125 0.0578125
0 0.28984375 0.1765625 0.0359375 0.0328125
0 0.27109375 0.13828125 0.0296875 0.0265625
0 0.303125 0.11328125 0.0390625 0.0296875
0 0.4859375 0.12421875 0.0515625 0.0203125
0 0.49140625 0.015625 0.0421875 0.03125
0 0.4828125 0.3640625 0.05625 0.0375
0 0.38515625 0.33671875 0.03125 0.0390625
0 0.4765625 0.0046875 0.040625 0.009375
0 0.79375 0.08515625 0.4125 0.1703125
0 0.8984375 0.240625 0.203125 0.3125
0 0.6984375 0.16953125 0.259375 0.3078125
0 0.0734375 0.47734375 0.0578125 0.04375
0 0.33125 0.46640625 0.259375 0.1140625
0 0.46875 0.5265625 0.16875 0.165625
0 0.28515625 0.90234375 0.0453125 0.021875
0 0.18515625 0.94609375 0.0578125 0.0390625
0 0.18984375 0.98828125 0.1015625 0.0234375
0 0.01953125 0.92578125 0.0390625 0.0296875
0 0.390625 0.86796875 0.0921875 0.0671875
0 0.30078125 0.79765625 0.10625 0.04375
0 0.2609375 0.7296875 0.10625 0.0578125
0 0.01015625 0.52109375 0.0203125 0.0234375
0 0.02734375 0.5625 0.0546875 0.03125
0 0.11328125 0.50703125 0.0640625 0.0265625
0 0.2375 0.553125 0.0359375 0.028125
0 0.41875 0.81484375 0.0484375 0.03125
0 0.303125 0.5515625 0.0359375 0.0203125
0 0.3515625 0.5875 0.0359375 0.0265625
0 0.17109375 0.4734375 0.0296875 0.0203125
0 0.10390625 0.99140625 0.0421875 0.0171875
0 0.784375 0.7046875 0.43125 0.590625
0 0.75625 0.90390625 0.375 0.1921875