0 0.19609375 0.509375 0.1046875 0.1109375
0 0.078125 0.33984375 0.15625 0.1453125
0 0.1875 0.27734375 0.0875 0.0359375
0 0.203125 0.19296875 0.040625 0.0203125
0 0.23203125 0.16328125 0.021875 0.0265625
0 0.12890625 0.16171875 0.021875 0.0171875
0 0.50390625 0.0359375 0.0953125 0.071875
0 0.71640625 0.4796875 0.1046875 0.071875
0 0.45390625 0.7265625 0.0296875 0.065625
0 0.53125 0.47109375 0.04375 0.0328125
0 0.8703125 0.40859375 0.071875 0.0390625
0 0.99296875 0.0765625 0.0140625 0.125
0 0.75546875 0.3125 0.0390625 0.034375
0 0.5671875 0.1046875 0.0578125 0.0359375
0 0.28046875 0.90703125 0.3171875 0.1859375