0 0.665625 0.14921875 0.0625 0.065625
0 0.58984375 0.08203125 0.0671875 0.0453125
0 0.38359375 0.0203125 0.0609375 0.040625
0 0.3578125 0.08203125 0.0546875 0.0453125
0 0.40859375 0.14921875 0.0515625 0.0296875
0 0.0890625 0.28828125 0.03125 0.040625
0 0.27734375 0.3390625 0.071875 0.040625
0 0.11328125 0.515625 0.0890625 0.0609375
0 0.36796875 0.28828125 0.071875 0.04375
0 0.73203125 0.6578125 0.10625 0.121875
0 0.60234375 0.46875 0.1796875 0.1609375
0 0.3234375 0.740625 0.04375 0.034375
0 0.56953125 0.1625 0.0390625 0.0453125
0 0.196875 0.19609375 0.0484375 0.0265625
0 0.725 0.4 0.0875 0.040625
0 0.584375 0.321875 0.04375 0.0171875
0 0.73671875 0.3078125 0.040625 0.021875
0 0.76796875 0.275 0.021875 0.0265625
0 0.6625 0.27265625 0.021875 0.0203125
0 0.37265625 0.58046875 0.0484375 0.034375
0 0.22265625 0.5 0.0203125 0.03125
0 0.46015625 0.20703125 0.0359375 0.0296875