0 0.15234375 0.01640625 0.0703125 0.0328125
0 0.07578125 0.12578125 0.0609375 0.071875
0 0.03515625 0.25859375 0.0625 0.0484375
0 0.0859375 0.36171875 0.034375 0.0234375
0 0.29609375 0.140625 0.034375 0.0265625
0 0.20234375 0.18984375 0.03125 0.021875
0 0.275 0.54296875 0.15 0.1140625
0 0.03828125 0.5921875 0.0328125 0.015625
0 0.07109375 0.0921875 0.0390625 0.0265625
0 0.18671875 0.296875 0.03125 0.021875
0 0.83828125 0.15 0.0359375 0.0375
0 0.7921875 0.18125 0.0359375 0.034375
0 0.63515625 0.234375 0.065625 0.115625
0 0.82109375 0.4578125 0.1921875 0.2
0 0.6796875 0.515625 0.0453125 0.0453125
0 0.9046875 0.0515625 0.040625 0.034375
0 0.990625 0.35859375 0.01875 0.0359375
0 0.93671875 0.4203125 0.0515625 0.034375
0 0.7 0.50078125 0.04375 0.0484375
0 0.69140625 0.22109375 0.053125 0.0453125
0 0.9453125 0.21484375 0.034375 0.034375
0 0.58828125 0.1484375 0.0359375 0.04375
0 0.4828125 0.07421875 0.034375 0.0296875
0 0.6109375 0.0453125 0.028125 0.01875
0 0.740625 0.02578125 0.0125 0.0140625
0 0.74296875 0.09921875 0.03125 0.0265625
0 0.72421875 0.16640625 0.03125 0.0296875
0 0.69609375 0.13203125 0.0296875 0.0265625
0 0.9546875 0.353125 0.0359375 0.0296875
0 0.5234375 0.23515625 0.0265625 0.025
0 0.4703125 0.10625 0.0296875 0.021875
0 0.38515625 0.0359375 0.040625 0.0296875
0 0.3640625 0.1515625 0.028125 0.021875
0 0.5125 0.028125 0.0234375 0.0265625
0 0.4859375 0.54140625 0.0296875 0.025
0 0.61796875 0.09609375 0.021875 0.025
0 0.98828125 0.4203125 0.021875 0.0296875
0 0.8359375 0.07265625 0.0921875 0.0265625
0 0.64453125 0.0828125 0.0265625 0.021875
0 0.428125 0.15234375 0.0296875 0.025
0 0.39921875 0.15703125 0.03125 0.021875
0 0.37890625 0.06953125 0.025 0.034375
0 0.378125 0.11484375 0.0265625 0.025
0 0.096875 0.7953125 0.190625 0.1140625
0 0.13515625 0.68359375 0.1015625 0.0625
0 0.21640625 0.91484375 0.2671875 0.1390625
0 0.24921875 0.784375 0.0453125 0.028125
0 0.0109375 0.68515625 0.021875 0.0265625
0 0.08828125 0.6390625 0.053125 0.034375
0 0.059375 0.98515625 0.053125 0.0109375
0 0.278125 0.8421875 0.059375 0.034375
0 0.321875 0.8828125 0.05625 0.040625
0 0.3328125 0.80078125 0.034375 0.0234375
0 0.675 0.8 0.65 0.4