0 0.07265625 0.2234375 0.1453125 0.259375
0 0.196875 0.30390625 0.1625 0.1203125
0 0.3359375 0.0578125 0.228125 0.115625
0 0.5984375 0.38515625 0.296875 0.1671875
0 0.9421875 0.3359375 0.115625 0.265625
0 0.5 0.2265625 0.1 0.19375
0 0.63046875 0.21171875 0.1328125 0.1484375
0 0.765625 0.3203125 0.2671875 0.2453125
0 0.0609375 0.83046875 0.121875 0.2140625
0 0.128125 0.6140625 0.2375 0.178125
0 0.21953125 0.75859375 0.0703125 0.0390625
0 0.2109375 0.8640625 0.096875 0.09375
0 0.40625 0.90078125 0.0875 0.1515625
0 0.4375 0.72109375 0.025 0.0453125
0 0.11875 0.51796875 0.0453125 0.034375
0 0.29765625 0.48671875 0.0734375 0.0359375
0 0.3734375 0.48203125 0.034375 0.0265625
0 0.73203125 0.50625 0.2515625 0.075
0 0.884375 0.64296875 0.23125 0.2703125
0 0.72890625 0.69375 0.1640625 0.26875