0 0.25 0.275 0.30625 0.259375
0 0.45234375 0.35234375 0.1640625 0.1140625
0 0.55390625 0.08359375 0.1515625 0.1671875
0 0.65859375 0.0359375 0.0578125 0.0375
0 0.6734375 0.31953125 0.0875 0.1578125
0 0.86171875 0.3046875 0.0359375 0.034375
0 0.84296875 0.26640625 0.0296875 0.0265625
0 0.875 0.24140625 0.0390625 0.0296875
0 0.65390625 0.1125 0.0265625 0.025
0 0.334375 0.8328125 0.190625 0.1140625
0 0.121875 0.60703125 0.125 0.0578125
0 0.03125 0.61796875 0.0625 0.0453125
0 0.37265625 0.72109375 0.1015625 0.0625
0 0.05546875 0.8390625 0.0359375 0.0375
0 0.015625 0.91796875 0.03125 0.0328125
0 0.46796875 0.94140625 0.2953125 0.1171875
0 0.6046875 0.79609375 0.05 0.0390625
0 0.48671875 0.821875 0.0453125 0.0296875
0 0.46171875 0.57578125 0.0578125 0.0359375
0 0.171875 0.5625 0.0515625 0.021875
0 0.23828125 0.7234375 0.04375 0.0265625
0 0.32578125 0.6765625 0.053125 0.034375
0 0.515625 0.8796875 0.0609375 0.034375
0 0.6234375 0.8890625 0.0125 0.025
0 0.5671875 0.92109375 0.0703125 0.040625
0 0.5859375 0.8390625 0.065625 0.025
0 0.79609375 0.51484375 0.040625 0.0359375
0 0.65859375 0.51328125 0.0578125 0.0453125
0 0.86640625 0.4609375 0.0390625 0.03125
0 0.78828125 0.7109375 0.0453125 0.034375
0 0.6375 0.55625 0.015625 0.0375
0 0.6390625 0.446875 0.01875 0.03125