0 0.00390625 0.1578125 0.0078125 0.025
0 0.27890625 0.07890625 0.0609375 0.0390625
0 0.21796875 0.36171875 0.2234375 0.1578125
0 0.3015625 0.59453125 0.05625 0.0296875
0 0.09296875 0.09375 0.03125 0.021875
0 0.27421875 0.1546875 0.0265625 0.025
0 0.43046875 0.2640625 0.1109375 0.05625
0 0.5453125 0.1828125 0.034375 0.01875
0 0.62265625 0.1765625 0.03125 0.0171875
0 0.61015625 0.3234375 0.0671875 0.0234375
0 0.9 0.38203125 0.1734375 0.1640625
0 0.97734375 0.34140625 0.0359375 0.0234375
0 0.8734375 0.19296875 0.028125 0.021875
0 0.90390625 0.13828125 0.021875 0.0140625
0 0.928125 0.1984375 0.025 0.0171875
0 0.73671875 0.0828125 0.0390625 0.0125
0 0.359375 0.46953125 0.034375 0.03125
0 0.753125 0.20546875 0.028125 0.0203125
0 0.78125 0.35546875 0.0484375 0.0296875
0 0.8734375 0.58046875 0.0265625 0.0171875
0 0.9484375 0.546875 0.03125 0.01875
0 0.50234375 0.53828125 0.03125 0.0296875
0 0.9046875 0.27734375 0.09375 0.03125
0 0.6859375 0.13203125 0.0203125 0.0171875
0 0.803125 0.14375 0.0171875 0.0171875
0 0.3953125 0.36640625 0.0203125 0.0234375
0 0.39140625 0.31328125 0.034375 0.03125
0 0.459375 0.43125 0.0359375 0.025
0 0.08046875 0.70390625 0.1609375 0.1640625
0 0.1515625 0.6625 0.0375 0.025
0 0.04765625 0.903125 0.0265625 0.01875
0 0.12265625 0.86953125 0.03125 0.0171875
0 0.078125 0.6125 0.09375 0.00625
0 0.8765625 0.8390625 0.0375 0.028125
0 0.9484375 0.70078125 0.0515625 0.0515625
0 0.7203125 0.63203125 0.178125 0.0453125
0 0.5640625 0.68046875 0.059375 0.0609375
0 0.35078125 0.65546875 0.0421875 0.0671875
0 0.68671875 0.76796875 0.0296875 0.021875
0 0.834375 0.69609375 0.0484375 0.0296875
0 0.9703125 0.74765625 0.03125 0.0265625
0 0.97109375 0.85625 0.0359375 0.028125
0 0.478125 0.93046875 0.084375 0.0796875
0 0.53515625 0.9265625 0.04375 0.034375
0 0.684375 0.9484375 0.0359375 0.03125
0 0.76328125 0.95 0.0578125 0.025
0 0.78984375 0.9015625 0.025 0.0265625
0 0.53125 0.84296875 0.03125 0.0171875
0 0.396875 0.6734375 0.034375 0.0171875
0 0.5796875 0.834375 0.0203125 0.0171875