0 0.22265625 0.6609375 0.1609375 0.10625
0 0.5296875 0.5828125 0.30625 0.259375
0 0.7328125 0.66328125 0.1640625 0.1203125
0 0.3265625 0.82109375 0.259375 0.2546875
0 0.21875 0.22265625 0.0625 0.0515625
0 0.87890625 0.38359375 0.240625 0.1828125
0 0.16484375 0.88203125 0.05625 0.065625
0 0.68359375 0.1515625 0.134375 0.1328125
0 0.8296875 0.078125 0.075 0.0703125
0 0.46875 0.07109375 0.2265625 0.134375
0 0.0640625 0.08203125 0.128125 0.159375
0 0.37265625 0.20546875 0.09375 0.103125
0 0.15234375 0.96484375 0.134375 0.065625