0 0.06171875 0.146875 0.1234375 0.184375
0 0.33828125 0.17421875 0.0640625 0.0453125
0 0.89609375 0.015625 0.1109375 0.03125
0 0.64453125 0.20625 0.0546875 0.034375
0 0.696875 0.175 0.05625 0.0453125
0 0.74296875 0.2171875 0.040625 0.0296875
0 0.7765625 0.1921875 0.0359375 0.053125
0 0.24453125 0.63515625 0.4890625 0.7296875
0 0.590625 0.59765625 0.1875 0.3140625
0 0.75625 0.62421875 0.1609375 0.3078125
0 0.8921875 0.62421875 0.1109375 0.2765625
0 0.5828125 0.89296875 0.1875 0.1984375
0 0.690625 0.78671875 0.140625 0.2296875
0 0.815625 0.84765625 0.16875 0.2171875
0 0.9453125 0.846875 0.109375 0.29375
0 0.9734375 0.7734375 0.053125 0.26875
0 0.92109375 0.28984375 0.1578125 0.1015625
0 0.7875 0.3984375 0.19375 0.1625