0 0.38671875 0.1765625 0.0671875 0.0640625
0 0.221875 0.1921875 0.0453125 0.0296875
0 0.13671875 0.03359375 0.0640625 0.0453125
0 0.12109375 0.35625 0.053125 0.05625
0 0.43046875 0.30078125 0.0640625 0.0640625
0 0.56328125 0.33984375 0.0515625 0.0609375
0 0.56875 0.259375 0.040625 0.059375
0 0.49140625 0.29375 0.0484375 0.028125
0 0.0671875 0.48828125 0.075 0.0578125
0 0.49765625 0.0828125 0.065625 0.040625
0 0.88203125 0.0953125 0.2359375 0.190625
0 0.91171875 0.29921875 0.1765625 0.2046875
0 0.91640625 0.4734375 0.1671875 0.271875
0 0.7484375 0.353125 0.31875 0.45
0 0.06328125 0.73984375 0.1265625 0.2140625
0 0.22421875 0.66796875 0.0703125 0.0390625
0 0.215625 0.7734375 0.096875 0.09375
0 0.5515625 0.93203125 0.075 0.0796875
0 0.51171875 0.78515625 0.1546875 0.2328125
0 0.4234375 0.8109375 0.1109375 0.1515625
0 0.45390625 0.63125 0.0484375 0.04375