0 0.1 0.0828125 0.0890625 0.0609375
0 0.59375 0.059375 0.18125 0.11875
0 0.31484375 0.29375 0.0421875 0.0125
0 0.36484375 0.146875 0.0484375 0.034375
0 0.2125 0.06953125 0.01875 0.03125
0 0.915625 0.175 0.046875 0.028125
0 0.8296875 0.01953125 0.065625 0.0390625
0 0.325 0.5296875 0.196875 0.2375
0 0.19921875 0.36640625 0.2578125 0.1328125
0 0.03671875 0.83671875 0.0734375 0.0984375
0 0.16015625 0.77109375 0.0734375 0.071875
0 0.60625 0.78046875 0.165625 0.2609375
0 0.42578125 0.89375 0.065625 0.0390625
0 0.10703125 0.9203125 0.146875 0.14375
0 0.1609375 0.67734375 0.096875 0.0609375
0 0.59921875 0.9859375 0.0703125 0.028125
0 0.51953125 0.48125 0.2640625 0.2625
0 0.38125 0.33828125 0.11875 0.0765625
0 0.0875 0.44453125 0.0515625 0.04375
0 0.475 0.77265625 0.059375 0.040625
0 0.678125 0.6640625 0.021875 0.040625
0 0.92578125 0.6546875 0.103125 0.04375
0 0.84296875 0.45546875 0.03125 0.0390625
0 0.90078125 0.5703125 0.0546875 0.034375