0 0.146875 0.384375 0.29375 0.259375
0 0.3453125 0.46484375 0.1640625 0.1203125
0 0.68984375 0.078125 0.1609375 0.15625
0 0.66015625 0.3375 0.1015625 0.259375
0 0.859375 0.0828125 0.096875 0.09375
0 0.81484375 0.3703125 0.05625 0.034375
0 0.86796875 0.33984375 0.05625 0.04375
0 0.91328125 0.38203125 0.040625 0.0296875
0 0.94609375 0.35703125 0.0359375 0.053125
0 0.09609375 0.86953125 0.1921875 0.2609375
0 0.3140625 0.87421875 0.365625 0.2515625
0 0.77265625 0.8328125 0.3171875 0.178125
0 0.96796875 0.67890625 0.0640625 0.2109375
0 0.9203125 0.9265625 0.159375 0.146875