0 0.040625 0.09765625 0.08125 0.1953125
0 0.38125 0.271875 0.046875 0.028125
0 0.29609375 0.11328125 0.065625 0.0453125
0 0.1 0.24609375 0.06875 0.0453125
0 0.28046875 0.4359375 0.053125 0.05625
0 0.88046875 0.209375 0.084375 0.1625
0 0.5796875 0.3578125 0.175 0.259375
0 0.76171875 0.21171875 0.0640625 0.146875
0 0.978125 0.02265625 0.04375 0.0453125
0 0.91796875 0.3984375 0.0265625 0.059375
0 0.99375 0.1421875 0.0125 0.053125
0 0.46953125 0.2484375 0.0609375 0.1
0 0.62109375 0.18046875 0.034375 0.0484375
0 0.9734375 0.31484375 0.053125 0.0953125
0 0.90546875 0.10234375 0.0484375 0.0609375
0 0.69921875 0.51875 0.0671875 0.021875
0 0.79296875 0.41171875 0.025 0.0390625
0 0.52421875 0.4890625 0.0421875 0.08125
0 0.7375 0.08125 0.0203125 0.0515625
0 0.6859375 0.090625 0.0359375 0.03125
0 0.79375 0.475 0.0203125 0.0390625
0 0.7265625 0.29375 0.034375 0.03125
0 0.925 0.45703125 0.0296875 0.0265625
0 0.83515625 0.33125 0.0203125 0.0234375
0 0.746875 0.465625 0.0203125 0.025
0 0.3 0.94296875 0.278125 0.1140625
0 0.7921875 0.7703125 0.278125 0.3
0 0.5875 0.62890625 0.2875 0.1984375
0 0.478125 0.76484375 0.078125 0.4703125
0 0.60078125 0.834375 0.1890625 0.33125
0 0.81484375 0.93515625 0.2609375 0.1296875
0 0.7890625 0.62734375 0.2375 0.1953125
0 0.91328125 0.775 0.1734375 0.35625