0 0.05234375 0.20859375 0.1046875 0.2015625
0 0.31953125 0.22734375 0.0640625 0.0453125
0 0.0265625 0.0390625 0.05 0.025
0 0.23671875 0.009375 0.0453125 0.01875
0 0.56640625 0.16953125 0.1328125 0.1796875
0 0.6046875 0.3125 0.071875 0.034375
0 0.6359375 0.0140625 0.271875 0.028125
0 0.9484375 0.0359375 0.103125 0.071875
0 0.97890625 0.146875 0.0421875 0.075
0 0.95625 0.21484375 0.075 0.040625
0 0.8359375 0.27890625 0.0484375 0.0453125
0 0.5125 0.075 0.025 0.034375
0 0.68359375 0.03046875 0.0734375 0.0609375
0 0.76015625 0.0359375 0.034375 0.034375
0 0.04609375 0.86796875 0.0921875 0.1046875
0 0.31875 0.790625 0.30625 0.259375
0 0.46953125 0.87109375 0.0609375 0.1203125
0 0.12265625 0.95078125 0.2453125 0.0984375
0 0.01953125 0.4296875 0.0390625 0.05
0 0.62890625 0.409375 0.2578125 0.159375
0 0.6921875 0.51953125 0.253125 0.259375
0 0.8640625 0.74765625 0.271875 0.2703125
0 0.9546875 0.503125 0.090625 0.346875
0 0.68828125 0.7984375 0.1640625 0.26875