0 0.00859375 0.04609375 0.0171875 0.0671875
0 0.2890625 0.296875 0.0484375 0.0515625
0 0.12734375 0.40390625 0.0609375 0.0390625
0 0.05078125 0.2625 0.0328125 0.028125
0 0.3109375 0.6296875 0.028125 0.01875
0 0.34375 0.60859375 0.0390625 0.028125
0 0.5265625 0.61953125 0.05 0.0203125
0 0.5328125 0.5109375 0.04375 0.034375
0 0.12265625 0.4796875 0.0265625 0.025
0 0.5171875 0.4859375 0.040625 0.0390625
0 0.85625 0.39609375 0.2578125 0.1890625
0 0.9875 0.16875 0.025 0.040625
0 0.5640625 0.21328125 0.009375 0.0359375
0 0.61953125 0.159375 0.0390625 0.03125
0 0.45859375 0.98125 0.0859375 0.0375
0 0.3765625 0.82265625 0.0625 0.0765625
0 0.18515625 0.80703125 0.2859375 0.29375
0 0.05078125 0.65703125 0.0734375 0.0359375
0 0.51171875 0.75859375 0.0953125 0.0984375
0 0.46875 0.93359375 0.059375 0.0390625
0 0.34765625 0.98359375 0.0390625 0.0328125
0 0.23125 0.65234375 0.096875 0.0265625
0 0.7796875 0.81953125 0.440625 0.3609375