0 0.4078125 0.14765625 0.103125 0.1234375
0 0.2796875 0.01953125 0.18125 0.0390625
0 0.0109375 0.23046875 0.021875 0.0328125
0 0.05078125 0.07109375 0.0484375 0.034375
0 0.70390625 0.19140625 0.4890625 0.3828125
0 0.66640625 0.38125 0.040625 0.05
0 0.2296875 0.7234375 0.459375 0.553125
0 0.59296875 0.45390625 0.0671875 0.0234375
0 0.88359375 0.5125 0.1734375 0.1625
0 0.9609375 0.4703125 0.0375 0.025
0 0.76328125 0.48515625 0.0484375 0.0296875
0 0.85703125 0.7109375 0.0265625 0.01875
0 0.93203125 0.67734375 0.03125 0.0171875
0 0.484375 0.66875 0.0296875 0.028125
0 0.52109375 0.78046875 0.0359375 0.0234375
0 0.6171875 0.825 0.0484375 0.0390625
0 0.47265625 0.76796875 0.0265625 0.0265625
0 0.6359375 0.93671875 0.0484375 0.0296875