0 0.2765625 0.29375 0.265625 0.171875
0 0.79609375 0.08359375 0.1921875 0.1671875
0 0.74375 0.25859375 0.0578125 0.0703125
0 0.6546875 0.1265625 0.0453125 0.0453125
0 0.8734375 0.31953125 0.0390625 0.0390625
0 0.91171875 0.03125 0.0515625 0.034375
0 0.675 0.11171875 0.04375 0.0484375
0 0.4609375 0.15234375 0.0296875 0.025
0 0.63828125 0.3734375 0.0234375 0.0125
0 0.878125 0.25625 0.025 0.0296875
0 0.63671875 0.303125 0.0390625 0.0328125
0 0.96328125 0.03125 0.021875 0.0296875
0 0.10859375 0.68984375 0.2171875 0.6203125
0 0.6796875 0.83984375 0.384375 0.3203125
0 0.98828125 0.78203125 0.0234375 0.0453125
0 0.4703125 0.41640625 0.103125 0.0734375
0 0.57890625 0.40390625 0.0765625 0.0484375
0 0.63671875 0.8109375 0.040625 0.040625
0 0.66015625 0.49921875 0.0609375 0.040625
0 0.74296875 0.48515625 0.059375 0.0703125
0 0.43203125 0.47109375 0.0453125 0.0359375
0 0.8328125 0.49453125 0.0484375 0.028125