0 0.35390625 0.165625 0.0671875 0.065625
0 0.1890625 0.18125 0.0453125 0.0296875
0 0.10390625 0.02265625 0.0640625 0.0453125
0 0.08828125 0.3453125 0.053125 0.05625
0 0.39765625 0.28984375 0.0640625 0.0640625
0 0.5328125 0.3296875 0.05625 0.0609375
0 0.5421875 0.2484375 0.053125 0.059375
0 0.45859375 0.2828125 0.0484375 0.028125
0 0.03515625 0.47421875 0.0703125 0.0515625
0 0.46484375 0.071875 0.0640625 0.040625
0 0.834375 0.1859375 0.184375 0.165625
0 0.953125 0.37421875 0.09375 0.1203125
0 0.9578125 0.11875 0.084375 0.04375
0 0.81875 0.0390625 0.05 0.01875
0 0.60234375 0.0140625 0.0671875 0.028125
0 0.97265625 0.0234375 0.040625 0.021875
0 0.48203125 0.909375 0.1734375 0.18125
0 0.08125 0.62421875 0.1625 0.2484375
0 0.11171875 0.803125 0.2171875 0.334375
0 0.0359375 0.79765625 0.071875 0.4046875
0 0.15703125 0.90546875 0.2109375 0.1890625
0 0.97265625 0.584375 0.0546875 0.03125
0 0.7859375 0.50703125 0.053125 0.0140625
0 0.65859375 0.97578125 0.1796875 0.0484375
0 0.69296875 0.89765625 0.1015625 0.0625
0 0.93828125 0.9734375 0.0734375 0.0375
0 0.80703125 0.99140625 0.0453125 0.0171875
0 0.78203125 0.75234375 0.0578125 0.0359375
0 0.57421875 0.89921875 0.0109375 0.0265625
0 0.64609375 0.853125 0.053125 0.034375