0 0.52421875 0.72578125 0.384375 0.5453125
0 0.8578125 0.55625 0.075 0.0453125
0 0.94921875 0.421875 0.0890625 0.053125
0 0.8140625 0.08984375 0.10625 0.096875
0 0.87265625 0.3109375 0.065625 0.0390625
0 0.0953125 0.63359375 0.0984375 0.053125
0 0.31484375 0.17890625 0.103125 0.096875
0 0.4234375 0.1703125 0.0765625 0.065625
0 0.04921875 0.1765625 0.0890625 0.0875
0 0.18515625 0.06640625 0.0921875 0.065625
0 0.48046875 0.584375 0.040625 0.040625
0 0.2390625 0.7765625 0.0390625 0.0625
0 0.50390625 0.27265625 0.0609375 0.040625
0 0.58671875 0.25859375 0.059375 0.0703125
0 0.271875 0.2453125 0.05625 0.0359375
0 0.2234375 0.28828125 0.040625 0.0203125
0 0.25859375 0.08671875 0.0515625 0.040625
0 0.6765625 0.26796875 0.0484375 0.0296875
0 0.9203125 0.0515625 0.0484375 0.040625