0 0.0171875 0.56171875 0.034375 0.1203125
0 0.00859375 0.14453125 0.0171875 0.0515625
0 0.1890625 0.60390625 0.053125 0.0640625
0 0.3203125 0.2015625 0.05 0.0375
0 0.3125 0.45625 0.0375 0.053125
0 0.0578125 0.19765625 0.0390625 0.0515625
0 0.3171875 0.62890625 0.0375 0.0421875
0 0.575 0.46953125 0.134375 0.1421875
0 0.853125 0.571875 0.0921875 0.0625
0 0.6546875 0.4203125 0.03125 0.01875
0 0.74140625 0.4140625 0.03125 0.021875
0 0.690625 0.478125 0.025 0.028125
0 0.54375 0.33828125 0.028125 0.0203125
0 0.5296875 0.384375 0.0359375 0.01875
0 0.98828125 0.55390625 0.0234375 0.0234375
0 0.83359375 0.54296875 0.0546875 0.0484375
0 0.37421875 0.53125 0.0109375 0.0125
0 0.4109375 0.55234375 0.0171875 0.021875
0 0.39140625 0.55390625 0.0171875 0.0171875
0 0.371875 0.58046875 0.00625 0.0265625
0 0.184375 0.74296875 0.36875 0.1859375
0 0.04921875 0.85625 0.0984375 0.240625
0 0.2546875 0.8875 0.228125 0.2125
0 0.92421875 0.8046875 0.1515625 0.309375
0 0.70234375 0.78046875 0.1796875 0.2609375
0 0.55546875 0.73984375 0.1453125 0.1796875