0 0.74609375 0.37890625 0.075 0.103125
0 0.8328125 0.6078125 0.125 0.0875
0 0.396875 0.40390625 0.1734375 0.2015625
0 0.240625 0.2609375 0.11875 0.1234375
0 0.2984375 0.07578125 0.1390625 0.1015625
0 0.1765625 0.39453125 0.1609375 0.1703125
0 0.4375 0.5734375 0.1453125 0.121875
0 0.5625 0.5171875 0.10625 0.0921875
0 0.58515625 0.39921875 0.0234375 0.040625
0 0.61875 0.75 0.053125 0.0625
0 0.83203125 0.53984375 0.0890625 0.0671875
0 0.56640625 0.95546875 0.084375 0.0765625
0 0.5015625 0.81484375 0.0875 0.0984375
0 0.80078125 0.6890625 0.05625 0.059375
0 0.56953125 0.79453125 0.0890625 0.1390625
0 0.63828125 0.83203125 0.0703125 0.071875