0 0.2609375 0.43671875 0.128125 0.0546875
0 0.0796875 0.08671875 0.0875 0.0609375
0 0.31015625 0.1375 0.0640625 0.059375
0 0.4078125 0.2375 0.04375 0.05
0 0.46875 0.28984375 0.0390625 0.0515625
0 0.36171875 0.27578125 0.0328125 0.0421875
0 0.22265625 0.00625 0.0359375 0.0125
0 0.83515625 0.234375 0.2921875 0.40625
0 0.88515625 0.42578125 0.2296875 0.1484375
0 0.7453125 0.39140625 0.1125 0.2171875
0 0.96171875 0.24453125 0.0765625 0.3546875
0 0.0921875 0.6125 0.184375 0.209375
0 0.265625 0.71328125 0.1875 0.315625
0 0.43125 0.73984375 0.1609375 0.3078125
0 0.5671875 0.73984375 0.1125 0.2765625
0 0.06484375 0.828125 0.1296875 0.2375
0 0.23671875 0.9546875 0.2296875 0.090625
0 0.36484375 0.89296875 0.1390625 0.2140625
0 0.48984375 0.92734375 0.1671875 0.1453125
0 0.625 0.9078125 0.11875 0.184375
0 0.653125 0.87734375 0.0625 0.2453125
0 0.46171875 0.546875 0.1953125 0.09375
0 0.7765625 0.70234375 0.175 0.2171875
0 0.8703125 0.53671875 0.240625 0.0734375
0 0.9625 0.6296875 0.071875 0.0375
0 0.746875 0.93125 0.115625 0.1375
0 0.95234375 0.7359375 0.0953125 0.096875
0 0.96171875 0.98515625 0.0546875 0.0296875