0 0.3625 0.09296875 0.175 0.1859375
0 0.71953125 0.025 0.1171875 0.05
0 0.83828125 0.27421875 0.0546875 0.0296875
0 0.92265625 0.103125 0.0703125 0.05625
0 0.8609375 0.1890625 0.053125 0.0453125
0 0.76171875 0.23671875 0.0546875 0.0546875
0 0.16953125 0.6390625 0.3390625 0.678125
0 0.40546875 0.7 0.0890625 0.409375
0 0.74375 0.496875 0.08125 0.059375
0 0.91484375 0.990625 0.0359375 0.01875
0 0.98046875 0.8578125 0.0390625 0.05
0 0.990625 0.7453125 0.01875 0.040625
0 0.965625 0.725 0.065625 0.059375
0 0.759375 0.7515625 0.178125 0.121875
0 0.603125 0.83828125 0.059375 0.0609375
0 0.55 0.72421875 0.0671875 0.053125
0 0.496875 0.525 0.09375 0.15625
0 0.6125 0.5609375 0.096875 0.075
0 0.6375 0.71171875 0.09375 0.0609375
0 0.71796875 0.6828125 0.0796875 0.059375
0 0.72578125 0.92578125 0.0296875 0.021875
0 0.8734375 0.85390625 0.0484375 0.0296875
0 0.996875 0.90546875 0.00625 0.0265625
0 0.82421875 0.6015625 0.096875 0.040625
0 0.5703125 0.99609375 0.03125 0.0078125
0 0.61796875 0.99140625 0.0203125 0.0171875
0 0.9921875 0.621875 0.015625 0.021875
0 0.7265625 0.6390625 0.0796875 0.0359375
0 0.8375 0.53046875 0.0390625 0.021875