0 0.371875 0.2234375 0.034375 0.04375
0 0.35390625 0.12734375 0.0703125 0.0671875
0 0.22421875 0.3828125 0.053125 0.05625
0 0.0859375 0.3578125 0.1625 0.134375
0 0.33046875 0.49921875 0.0515625 0.0390625
0 0.23828125 0.0078125 0.1390625 0.015625
0 0.15546875 0.26171875 0.0390625 0.0328125
0 0.321875 0.296875 0.046875 0.034375
0 0.11015625 0.47109375 0.0390625 0.0203125
0 0.17421875 0.50625 0.0609375 0.025
0 0.05390625 0.00703125 0.0609375 0.0140625
0 0.415625 0.3375 0.053125 0.15625
0 0.49296875 0.38203125 0.084375 0.0734375
0 0.63046875 0.4421875 0.1359375 0.153125
0 0.7234375 0.42265625 0.06875 0.1171875
0 0.95390625 0.34609375 0.0921875 0.1515625
0 0.89453125 0.3625 0.0625 0.10625
0 0.796875 0.3578125 0.1609375 0.1953125
0 0.50859375 0.33125 0.0859375 0.065625
0 0.5578125 0.37578125 0.0578125 0.10625
0 0.6609375 0.346875 0.1375 0.1234375
0 0.909375 0.503125 0.125 0.03125
0 0.72109375 0.49609375 0.1921875 0.0453125
0 0.69453125 0.16171875 0.6109375 0.3234375
0 0.89921875 0.43984375 0.125 0.0984375
0 0.49921875 0.46328125 0.1640625 0.1109375
0 0.31328125 0.5359375 0.1296875 0.034375
0 0.07734375 0.5921875 0.065625 0.065625
0 0.03359375 0.54765625 0.0640625 0.0578125
0 0.02109375 0.6875 0.0421875 0.040625
0 0.28828125 0.68359375 0.053125 0.0640625
0 0.29765625 0.6171875 0.0859375 0.071875
0 0.365625 0.9390625 0.046875 0.065625
0 0.16875 0.87265625 0.0796875 0.084375
0 0.36484375 0.7484375 0.0484375 0.040625
0 0.378125 0.66328125 0.021875 0.0421875
0 0.53828125 0.7703125 0.2984375 0.459375
0 0.915625 0.778125 0.16875 0.44375