0 0.27734375 0.06875 0.1734375 0.1375
0 0.06875 0.05625 0.1375 0.1125
0 0.31875 0.20625 0.1453125 0.1234375
0 0.44375 0.15 0.10625 0.090625
0 0.46640625 0.03203125 0.0234375 0.040625
0 0.5 0.3828125 0.053125 0.0625
0 0.38203125 0.42890625 0.0859375 0.0609375
0 0.45078125 0.40859375 0.0890625 0.1015625
0 0.50703125 0.44375 0.0453125 0.03125
0 0.840625 0.1078125 0.31875 0.215625
0 0.9046875 0.29375 0.1859375 0.1859375
0 0.70234375 0.2984375 0.209375 0.221875
0 0.86328125 0.39453125 0.2734375 0.1296875
0 0.47734375 0.525 0.1046875 0.13125
0 0.0140625 0.88046875 0.028125 0.0453125
0 0.39375 0.48359375 0.0484375 0.0296875
0 0.4859375 0.70859375 0.0265625 0.0171875
0 0.11484375 0.66640625 0.03125 0.0296875
0 0.00859375 0.49375 0.0171875 0.025
0 0.15234375 0.7765625 0.0359375 0.0234375
0 0.246875 0.82265625 0.0484375 0.0390625
0 0.08984375 0.76484375 0.053125 0.0265625
0 0.2671875 0.93203125 0.0484375 0.0296875
0 0.071875 0.559375 0.0359375 0.0234375
0 0.70390625 0.88828125 0.0296875 0.0234375
0 0.6046875 0.9484375 0.025 0.01875
0 0.60234375 0.63125 0.1140625 0.0578125
0 0.71171875 0.7203125 0.0234375 0.03125
0 0.84140625 0.52734375 0.0625 0.0578125
0 0.84375 0.5734375 0.0890625 0.0484375