0 0.459375 0.49609375 0.0359375 0.04375
0 0.44921875 0.4 0.0875 0.0671875
0 0.31015625 0.6546875 0.053125 0.05625
0 0.171875 0.6296875 0.1609375 0.134375
0 0.4171875 0.77734375 0.0515625 0.0515625
0 0.53359375 0.975 0.0625 0.04375
0 0.88671875 0.68515625 0.221875 0.3125
0 0.7296875 0.5984375 0.1078125 0.096875
0 0.5 0.63125 0.0609375 0.05625
0 0.828125 0.53515625 0.128125 0.0796875
0 0.5828125 0.63671875 0.04375 0.0390625
0 0.32421875 0.25625 0.1390625 0.0625
0 0.24140625 0.53359375 0.0390625 0.034375
0 0.4078125 0.56875 0.0484375 0.034375
0 0.1875 0.97109375 0.0625 0.0453125
0 0.19609375 0.74296875 0.0375 0.0203125
0 0.12734375 0.9375 0.1546875 0.040625
0 0.2609375 0.7984375 0.0609375 0.065625
0 0.52421875 0.25 0.034375 0.0203125
0 0.140625 0.2640625 0.0609375 0.0453125
0 0.946875 0.2140625 0.0578125 0.0453125
0 0.59375 0.08515625 0.05625 0.04375
0 0.62734375 0.4546875 0.03125 0.025
0 0.703125 0.96953125 0.071875 0.0515625
0 0.94140625 0.1109375 0.1171875 0.146875
0 0.828125 0.6390625 0.0796875 0.078125