0 0.37265625 0.28359375 0.075 0.103125
0 0.459375 0.5125 0.125 0.0875
0 0.0546875 0.30859375 0.109375 0.2015625
0 0.06796875 0.47734375 0.1359375 0.1234375
0 0.1890625 0.421875 0.10625 0.090625
0 0.21171875 0.30390625 0.0234375 0.040625
0 0.2453125 0.63671875 0.053125 0.0265625
0 0.45859375 0.44453125 0.0890625 0.0671875
0 0.42734375 0.59375 0.0546875 0.0609375
0 0.96484375 0.11796875 0.0703125 0.0609375
0 0.94921875 0.37265625 0.1015625 0.1234375
0 0.83125 0.46015625 0.059375 0.0609375
0 0.5609375 0.4796875 0.0375 0.040625
0 0.596875 0.4359375 0.0875 0.0671875
0 0.778125 0.34609375 0.06875 0.053125
0 0.5921875 0.3640625 0.08125 0.040625
0 0.55 0.34296875 0.040625 0.0828125
0 0.69375 0.14765625 0.159375 0.15625
0 0.54921875 0.109375 0.0390625 0.040625
0 0.66171875 0.265625 0.05625 0.021875
0 0.840625 0.1828125 0.096875 0.075
0 0.865625 0.33359375 0.09375 0.0609375
0 0.94609375 0.3046875 0.0796875 0.0609375
0 0.95390625 0.54765625 0.0296875 0.021875
0 0.7984375 0.62265625 0.03125 0.0171875
0 0.6640625 0.453125 0.034375 0.0171875
0 0.846875 0.6140625 0.0203125 0.0171875
0 0.9546875 0.2609375 0.0796875 0.0359375
0 0.56953125 0.28125 0.0796875 0.04375
0 0.06484375 0.74921875 0.1296875 0.0984375
0 0.215625 0.684375 0.075 0.06875
0 0.48203125 0.80625 0.0640625 0.0375
0 0.16328125 0.8328125 0.146875 0.14375
0 0.3828125 0.9765625 0.084375 0.046875
0 0.51484375 0.684375 0.0296875 0.040625
0 0.709375 0.74921875 0.1734375 0.1640625
0 0.78671875 0.70859375 0.0359375 0.025
0 0.590625 0.72265625 0.046875 0.0296875
0 0.6828125 0.94765625 0.0265625 0.0171875
0 0.7578125 0.9140625 0.03125 0.0171875
0 0.7140625 0.6546875 0.09375 0.009375