0 0.1140625 0.3 0.0921875 0.0625
0 0.31484375 0.3421875 0.0359375 0.0375
0 0.00859375 0.1421875 0.0171875 0.021875
0 0.2578125 0.2828125 0.0375 0.025
0 0.09453125 0.27109375 0.05625 0.0484375
0 0.29921875 0.478125 0.0359375 0.021875
0 0.3578125 0.221875 0.03125 0.021875
0 0.45078125 0.42734375 0.0171875 0.0140625
0 0.45078125 0.378125 0.0171875 0.025
0 0.728125 0.225 0.3125 0.45
0 0.4203125 0.82421875 0.0625 0.0765625
0 0.22890625 0.80859375 0.2859375 0.2921875
0 0.0953125 0.64375 0.075 0.0671875
0 0.0078125 0.7609375 0.015625 0.053125
0 0.39140625 0.984375 0.0390625 0.03125
0 0.00390625 0.55703125 0.0078125 0.0234375
0 0.27578125 0.65 0.0953125 0.0359375
0 0.97578125 0.94609375 0.0484375 0.1078125
0 0.875 0.9515625 0.065625 0.096875
0 0.98515625 0.728125 0.0296875 0.103125
0 0.58828125 0.5578125 0.0578125 0.0515625
0 0.82265625 0.6203125 0.0578125 0.08125
0 0.63671875 0.67109375 0.0296875 0.0515625
0 0.49140625 0.52421875 0.0484375 0.0703125
0 0.46640625 0.52265625 0.0140625 0.0484375
0 0.58046875 0.98203125 0.0671875 0.0359375
0 0.73515625 0.94609375 0.0328125 0.0484375
0 0.60859375 0.628125 0.0140625 0.034375
0 0.8515625 0.846875 0.0203125 0.0515625
0 0.8 0.85625 0.0359375 0.03125
0 0.88046875 0.721875 0.025 0.0265625
0 0.9515625 0.6203125 0.0171875 0.021875
0 0.47265625 0.75390625 0.0265625 0.0359375