0 0.475 0.11328125 0.25625 0.1890625
0 0.74140625 0.16328125 0.0171875 0.0328125
0 0.16015625 0.1265625 0.0453125 0.034375
0 0.8328125 0.09765625 0.165625 0.1953125
0 0.83828125 0.29140625 0.1765625 0.0765625
0 0.07890625 0.4703125 0.1578125 0.28125
0 0.2234375 0.5578125 0.24375 0.253125
0 0.29921875 0.8109375 0.1921875 0.253125
0 0.08125 0.77890625 0.1625 0.2828125
0 0.178125 0.96796875 0.24375 0.0640625
0 0.48984375 0.603125 0.271875 0.20625
0 0.51484375 0.9046875 0.2203125 0.190625
0 0.65625 0.8828125 0.1875 0.234375
0 0.6828125 0.5875 0.134375 0.334375
0 0.803125 0.4875 0.03125 0.05625
0 0.9765625 0.51015625 0.046875 0.0515625
0 0.81640625 0.6953125 0.021875 0.0671875
0 0.8859375 0.46328125 0.0484375 0.1015625
0 0.8484375 0.4765625 0.0390625 0.0484375
0 0.8171875 0.45625 0.034375 0.040625
0 0.9703125 0.95859375 0.059375 0.0828125
0 0.99765625 0.58046875 0.0046875 0.0328125
0 0.8640625 0.70703125 0.034375 0.0359375