0 0.0609375 0.40859375 0.0359375 0.04375
0 0.05078125 0.3125 0.0859375 0.06875
0 0.42890625 0.43359375 0.1265625 0.0515625
0 0.12578125 0.1625 0.0328125 0.01875
0 0.19453125 0.009375 0.0546875 0.01875
0 0.22890625 0.3671875 0.03125 0.025
0 0.9453125 0.03203125 0.0625 0.0640625
0 0.68828125 0.03203125 0.0515625 0.0296875
0 0.55703125 0.221875 0.071875 0.040625
0 0.64765625 0.17109375 0.071875 0.04375
0 0.88203125 0.3515625 0.1796875 0.1609375
0 0.84921875 0.0453125 0.0390625 0.0453125
0 0.98046875 0.2828125 0.0390625 0.040625
0 0.8640625 0.2046875 0.04375 0.01875
0 0.9421875 0.15546875 0.021875 0.0203125
0 0.65234375 0.45234375 0.0484375 0.0140625
0 0.50546875 0.3828125 0.0109375 0.03125
0 0.73984375 0.08984375 0.0359375 0.0296875
0 0.3453125 0.9609375 0.1 0.046875
0 0.48515625 0.571875 0.0296875 0.071875
0 0.2578125 0.60703125 0.09375 0.0671875
0 0.11328125 0.7953125 0.1953125 0.128125
0 0.02109375 0.6109375 0.0421875 0.028125
0 0.26640625 0.48515625 0.0359375 0.0296875
0 0.0375 0.5265625 0.053125 0.0453125
0 0.3203125 0.7546875 0.04375 0.0375
0 0.23828125 0.72578125 0.03125 0.0421875
0 0.39765625 0.990625 0.0671875 0.01875
0 0.5890625 0.54375 0.178125 0.15625
0 0.83125 0.69375 0.3375 0.28125
0 0.78515625 0.53984375 0.4296875 0.1609375
0 0.60390625 0.72890625 0.2078125 0.2578125
0 0.79375 0.92734375 0.321875 0.1453125
0 0.871875 0.9328125 0.25625 0.134375