0 0.27109375 0.32734375 0.2953125 0.1828125
0 0.27265625 0.3671875 0.040625 0.040625
0 0.29609375 0.05546875 0.0609375 0.040625
0 0.37890625 0.04140625 0.0609375 0.0703125
0 0.0640625 0.028125 0.05625 0.0359375
0 0.01796875 0.0703125 0.0359375 0.01875
0 0.81796875 0.209375 0.3640625 0.41875
0 0.81171875 0.209375 0.3765625 0.41875
0 0.7140625 0.30546875 0.525 0.2265625
0 0.12109375 0.68515625 0.2421875 0.2390625
0 0.1125 0.8828125 0.184375 0.184375
0 0.28828125 0.9109375 0.2609375 0.178125
0 0.35078125 0.5609375 0.1359375 0.23125
0 0.35625 0.73984375 0.125 0.1171875
0 0.2015625 0.49453125 0.309375 0.1515625
0 0.0375 0.4875 0.075 0.1375
0 0.11640625 0.959375 0.2328125 0.08125
0 0.37578125 0.91328125 0.0859375 0.1734375
0 0.496875 0.5109375 0.15625 0.184375
0 0.72109375 0.4875 0.2390625 0.1375
0 0.80078125 0.6671875 0.2265625 0.190625
0 0.86953125 0.890625 0.2046875 0.21875
0 0.56875 0.7046875 0.1640625 0.2046875
0 0.65625 0.92734375 0.209375 0.1453125
0 0.44140625 0.75703125 0.0453125 0.2140625