0 0.228125 0.38671875 0.384375 0.5046875
0 0.5625 0.2375 0.075 0.0453125
0 0.5765625 0.00546875 0.065625 0.0109375
0 0.18515625 0.265625 0.040625 0.040625
0 0.67890625 0.02578125 0.1390625 0.0515625
0 0.6171875 0.37578125 0.015625 0.0671875
0 0.67265625 0.44765625 0.0734375 0.0546875
0 0.71015625 0.47890625 0.0671875 0.0546875
0 0.796875 0.5140625 0.0875 0.04375
0 0.82890625 0.59765625 0.0625 0.0828125
0 0.63671875 0.334375 0.040625 0.0390625
0 0.76796875 0.34921875 0.084375 0.0484375
0 0.91015625 0.60625 0.1015625 0.065625
0 0.8640625 0.3046875 0.0625 0.0625
0 0.7765625 0.30859375 0.065625 0.0609375
0 0.80390625 0.03046875 0.0578125 0.0609375
0 0.8625 0.01953125 0.0625 0.0390625
0 0.7890625 0.1890625 0.10625 0.09375
0 0.9265625 0.09296875 0.065625 0.053125
0 0.91953125 0.36953125 0.0515625 0.0484375
0 0.815625 0.3875 0.053125 0.053125
0 0.87109375 0.45390625 0.053125 0.034375
0 0.9109375 0.48359375 0.0515625 0.03125
0 0.646875 0.16953125 0.075 0.0453125
0 0.81015625 0.1375 0.1421875 0.0609375
0 0.87734375 0.55078125 0.0828125 0.0703125
0 0.7265625 0.0921875 0.0765625 0.0359375
0 0.97734375 0.2171875 0.0453125 0.053125
0 0.96015625 0.3203125 0.0796875 0.053125
0 0.98046875 0.26796875 0.0390625 0.0421875
0 0.9828125 0.15859375 0.034375 0.0421875
0 0.98046875 0.03671875 0.0390625 0.0359375
0 0.9109375 0.27109375 0.03125 0.0359375
0 0.83984375 0.35 0.0453125 0.040625
0 0.31328125 0.97421875 0.2765625 0.0515625
0 0.49765625 0.97421875 0.1921875 0.0515625
0 0.52421875 0.95390625 0.1703125 0.0921875
0 0.45390625 0.84453125 0.1734375 0.2015625
0 0.48828125 0.69921875 0.1796875 0.1203125
0 0.2453125 0.7796875 0.1921875 0.2078125
0 0.30625 0.9015625 0.1921875 0.15625
0 0.11171875 0.75859375 0.134375 0.2078125
0 0.15546875 0.6546875 0.1921875 0.03125
0 0.32265625 0.646875 0.1515625 0.015625
0 0.03203125 0.85 0.0640625 0.228125
0 0.09453125 0.95625 0.1390625 0.0875
0 0.74375 0.75625 0.26875 0.234375
0 0.9515625 0.796875 0.096875 0.196875
0 0.78125 0.91796875 0.34375 0.1640625