0 0.321875 0.31796875 0.0375 0.0421875
0 0.31171875 0.221875 0.0859375 0.0671875
0 0.17265625 0.4765625 0.053125 0.05625
0 0.05703125 0.4515625 0.1140625 0.134375
0 0.68359375 0.459375 0.0921875 0.21875
0 0.5921875 0.4203125 0.109375 0.096875
0 0.3625 0.453125 0.059375 0.05625
0 0.678125 0.35703125 0.103125 0.0796875
0 0.4453125 0.45859375 0.04375 0.0390625
0 0.18671875 0.078125 0.1390625 0.0625
0 0.10390625 0.35546875 0.0390625 0.0328125
0 0.2703125 0.390625 0.0484375 0.034375
0 0.0578125 0.56171875 0.0375 0.0140625
0 0.38671875 0.071875 0.0328125 0.01875
0 0.01640625 0.08515625 0.0328125 0.0453125
0 0.48984375 0.2765625 0.03125 0.025
0 0.86484375 0.284375 0.2703125 0.56875
0 0.4109375 0.921875 0.084375 0.15625
0 0.11015625 0.97109375 0.1765625 0.0578125
0 0.2921875 0.92734375 0.065625 0.1453125
0 0.4234375 0.69140625 0.06875 0.0828125
0 0.23984375 0.58984375 0.0578125 0.0421875
0 0.05390625 0.62265625 0.0296875 0.0515625
0 0.6703125 0.6578125 0.090625 0.15625
0 0.6828125 0.83671875 0.09375 0.1453125
0 0.015625 0.95625 0.03125 0.0875
0 0.15234375 0.8953125 0.0328125 0.05
0 0.43671875 0.81875 0.0484375 0.059375
0 0.02578125 0.58203125 0.0140625 0.0265625
0 0.26875 0.796875 0.0203125 0.0515625
0 0.2171875 0.80625 0.0359375 0.03125
0 0.29765625 0.671875 0.0234375 0.0265625
0 0.36796875 0.575 0.0171875 0.0125
0 0.7953125 0.58125 0.059375 0.025
0 0.7484375 0.909375 0.0375 0.08125
0 0.7359375 0.6640625 0.0125 0.028125
0 0.82421875 0.8765625 0.1140625 0.0578125
0 0.7421875 0.9875 0.025 0.021875
0 0.93359375 0.965625 0.0234375 0.03125
0 0.9828125 0.659375 0.034375 0.0375