0 0.40390625 0.7359375 0.165625 0.1203125
0 0.3015625 0.51796875 0.128125 0.05625
0 0.21640625 0.90234375 0.0875 0.10625
0 0.1203125 0.16796875 0.0859375 0.0609375
0 0.35078125 0.21875 0.065625 0.0609375
0 0.4484375 0.31875 0.04375 0.0515625
0 0.640625 0.77734375 0.053125 0.065625
0 0.88125 0.12734375 0.0703125 0.053125
0 0.771875 0.375 0.0484375 0.0390625
0 0.7640625 0.6296875 0.0390625 0.053125
0 0.509375 0.37109375 0.0390625 0.0515625
0 0.40234375 0.35703125 0.034375 0.04375
0 0.2640625 0.0765625 0.0359375 0.0359375
0 0.39453125 0.06015625 0.0515625 0.040625
0 0.09140625 0.73828125 0.0578125 0.0390625
0 0.6546875 0.93515625 0.034375 0.0703125
0 0.76953125 0.803125 0.0390625 0.04375
0 0.7484375 0.85234375 0.0359375 0.0484375
0 0.96171875 0.87265625 0.04375 0.04375