0 0.1828125 0.46015625 0.134375 0.1421875
0 0.4609375 0.5625 0.090625 0.0625
0 0.2625 0.4109375 0.03125 0.01875
0 0.34921875 0.4046875 0.03125 0.021875
0 0.2984375 0.46875 0.025 0.028125
0 0.1515625 0.32890625 0.028125 0.0203125
0 0.1375 0.375 0.0375 0.01875
0 0.44140625 0.53359375 0.05625 0.0484375
0 0.01875 0.54296875 0.01875 0.021875
0 0.00390625 0.54453125 0.0078125 0.0171875
0 0.7953125 0.36484375 0.409375 0.4859375
0 0.76484375 0.56953125 0.4703125 0.2390625
0 0.13359375 0.740625 0.2171875 0.103125
0 0.49296875 0.76328125 0.0734375 0.1484375
0 0.66875 0.86953125 0.096875 0.2609375
0 0.77578125 0.8484375 0.2015625 0.303125
0 0.8203125 0.87265625 0.121875 0.2546875
0 0.93046875 0.7703125 0.1390625 0.1625
0 0.58359375 0.7875 0.1078125 0.196875