0 0.1578125 0.13828125 0.303125 0.2765625
0 0.0359375 0.2328125 0.071875 0.271875
0 0.890625 0.26875 0.21875 0.2
0 0.54140625 0.23671875 0.3265625 0.2640625
0 0.02578125 0.665625 0.0515625 0.13125
0 0.04375 0.74765625 0.0875 0.0828125
0 0.0890625 0.8734375 0.128125 0.1125
0 0.2359375 0.884375 0.146875 0.128125
0 0.28359375 0.93125 0.0515625 0.1375
0 0.19140625 0.95078125 0.2171875 0.0984375
0 0.20078125 0.59609375 0.18125 0.1328125
0 0.14453125 0.671875 0.1234375 0.103125
0 0.24375 0.69453125 0.13125 0.1421875
0 0.26953125 0.49609375 0.0796875 0.1328125
0 0.11953125 0.4375 0.1484375 0.1375
0 0.03046875 0.5171875 0.0609375 0.184375
0 0.2515625 0.41875 0.115625 0.1
0 0.04375 0.9484375 0.0875 0.103125
0 0.778125 0.3875 0.190625 0.0375
0 0.98359375 0.421875 0.0328125 0.10625
0 0.64296875 0.4671875 0.134375 0.13125
0 0.5671875 0.49296875 0.078125 0.0578125
0 0.55859375 0.5265625 0.096875 0.0515625
0 0.43359375 0.44609375 0.040625 0.0265625
0 0.65703125 0.5921875 0.1109375 0.075
0 0.57890625 0.603125 0.0984375 0.0703125
0 0.525 0.68125 0.11875 0.075
0 0.94296875 0.48046875 0.0515625 0.05625
0 0.32421875 0.66171875 0.0296875 0.0484375
0 0.3953125 0.628125 0.125 0.065625
0 0.36484375 0.78984375 0.103125 0.075
0 0.884375 0.64140625 0.09375 0.0515625
0 0.828125 0.7765625 0.0484375 0.04375
0 0.4578125 0.8859375 0.1109375 0.04375
0 0.95390625 0.81015625 0.0671875 0.0453125
0 0.7453125 0.75703125 0.059375 0.0515625
0 0.7109375 0.8625 0.0703125 0.040625
0 0.921875 0.86796875 0.0921875 0.0578125
0 0.415625 0.95078125 0.0890625 0.04375