0 0.1890625 0.2453125 0.25 0.225
0 0.11640625 0.53359375 0.2140625 0.271875
0 0.26796875 0.6890625 0.21875 0.2265625
0 0.40390625 0.553125 0.0953125 0.325
0 0.5109375 0.54921875 0.2015625 0.4
0 0.55546875 0.553125 0.1234375 0.3109375
0 0.7953125 0.3640625 0.4 0.2796875
0 0.71484375 0.18515625 0.0921875 0.1859375
0 0.0765625 0.71484375 0.1015625 0.1328125
0 0.36171875 0.8609375 0.2359375 0.2640625
0 0.696875 0.771875 0.2140625 0.23125
0 0.8296875 0.56640625 0.159375 0.1921875
0 0.4546875 0.1453125 0.271875 0.159375
0 0.27890625 0.4078125 0.1875 0.259375
0 0.890625 0.82109375 0.209375 0.346875
0 0.73203125 0.07578125 0.153125 0.125