0 0.05859375 0.43515625 0.1171875 0.2265625
0 0.14453125 0.3 0.0953125 0.325
0 0.2515625 0.29609375 0.203125 0.3984375
0 0.29609375 0.3 0.1234375 0.309375
0 0.52265625 0.125 0.3734375 0.25
0 0.11015625 0.60703125 0.2203125 0.2640625
0 0.4375 0.51875 0.2140625 0.23125
0 0.5703125 0.31328125 0.159375 0.1921875
0 0.05625 0.1546875 0.1125 0.259375
0 0.61796875 0.56640625 0.1828125 0.3453125
0 0.9421875 0.02109375 0.115625 0.0421875
0 0.728125 0.0328125 0.0375 0.053125
0 0.909375 0.09140625 0.0453125 0.0453125
0 0.9125 0.18203125 0.1296875 0.0515625
0 0.88671875 0.33671875 0.053125 0.0640625
0 0.89609375 0.2703125 0.0875 0.071875
0 0.9703125 0.5921875 0.059375 0.065625
0 0.7671875 0.52578125 0.0796875 0.084375
0 0.96796875 0.4015625 0.05625 0.040625
0 0.9828125 0.31640625 0.034375 0.0421875
0 0.91640625 0.05703125 0.0875 0.0359375
0 0.18359375 0.86953125 0.2953125 0.2609375
0 0.55625 0.86953125 0.30625 0.2609375
0 0.89453125 0.921875 0.103125 0.04375
0 0.86953125 0.8375 0.05625 0.034375