0 0.0546875 0.40390625 0.096875 0.0921875
0 0.16171875 0.3828125 0.2015625 0.134375
0 0.20625 0.40703125 0.121875 0.0859375
0 0.4234375 0.3203125 0.353125 0.259375
0 0.36640625 0.15234375 0.0921875 0.1859375
0 0.12109375 0.11171875 0.2421875 0.1578125
0 0.3828125 0.05234375 0.153125 0.1046875
0 0.7921875 0.11484375 0.1875 0.2296875
0 0.91171875 0.05078125 0.1765625 0.1015625
0 0.8 0.32890625 0.4 0.2421875
0 0.4265625 0.68671875 0.346875 0.4734375
0 0.30546875 0.8828125 0.5890625 0.234375
0 0.64453125 0.72890625 0.0890625 0.5421875
0 0.8578125 0.74921875 0.284375 0.5015625