0 0.18984375 0.16015625 0.325 0.2859375
0 0.553125 0.0875 0.1109375 0.096875
0 0.5625 0.2140625 0.271875 0.221875
0 0.7765625 0.18515625 0.2078125 0.2125
0 0.9109375 0.19921875 0.09375 0.15
0 0.94921875 0.328125 0.096875 0.2390625
0 0.8296875 0.3453125 0.1828125 0.2046875
0 0.65234375 0.478125 0.1546875 0.2453125
0 0.8578125 0.55625 0.2796875 0.221875
0 0.45078125 0.38125 0.2390625 0.1640625
0 0.459375 0.47734375 0.2015625 0.16875
0 0.37265625 0.5984375 0.2484375 0.2625
0 0.56953125 0.740625 0.2328125 0.396875
0 0.48828125 0.94375 0.29375 0.1109375
0 0.75625 0.81484375 0.1953125 0.196875
0 0.875 0.75859375 0.1703125 0.29375
0 0.71015625 0.93515625 0.1921875 0.125
0 0.209375 0.83046875 0.3171875 0.2484375
0 0.16484375 0.44453125 0.2671875 0.15625
0 0.33984375 0.2609375 0.1859375 0.125