0 0.27578125 0.16171875 0.0671875 0.2609375
0 0.1765625 0.38515625 0.265625 0.2296875
0 0.15859375 0.04296875 0.2671875 0.0859375
0 0.9296875 0.321875 0.140625 0.35625
0 0.521875 0.03671875 0.209375 0.0734375
0 0.575 0.14765625 0.215625 0.2953125
0 0.35703125 0.05859375 0.0953125 0.1171875
0 0.4390625 0.18984375 0.19375 0.3796875
0 0.4140625 0.4328125 0.209375 0.134375
0 0.65078125 0.38671875 0.3640625 0.2265625
0 0.621875 0.2625 0.2109375 0.253125
0 0.09296875 0.6765625 0.1390625 0.33125
0 0.24453125 0.69921875 0.1296875 0.3390625
0 0.19609375 0.95078125 0.1453125 0.0984375
0 0.596875 0.75 0.575 0.5