0 0.18125 0.0703125 0.325 0.140625
0 0.5140625 0.08046875 0.190625 0.1609375
0 0.58828125 0.290625 0.0421875 0.196875
0 0.44296875 0.21875 0.2390625 0.1625
0 0.45078125 0.309375 0.2015625 0.159375
0 0.3640625 0.346875 0.246875 0.084375
0 0.15703125 0.28203125 0.2671875 0.15625
0 0.33203125 0.0984375 0.1859375 0.125
0 0.69140625 0.33984375 0.1640625 0.0984375
0 0.81640625 0.33984375 0.1640625 0.0984375
0 0.96015625 0.2609375 0.0796875 0.25625
0 0.8953125 0.15 0.134375 0.2375
0 0.7796875 0.259375 0.2046875 0.225
0 0.56640625 0.96171875 0.0859375 0.0765625
0 0.484375 0.78359375 0.0625 0.0765625
0 0.29296875 0.7609375 0.2859375 0.278125
0 0.159375 0.603125 0.075 0.0671875
0 0.0578125 0.7203125 0.046875 0.053125
0 0.590625 0.71953125 0.0375 0.0984375
0 0.5765625 0.89453125 0.059375 0.0390625
0 0.04296875 0.4515625 0.0640625 0.065625
0 0.45625 0.94609375 0.0375 0.0328125
0 0.0984375 0.3984375 0.040625 0.01875
0 0.0625 0.5171875 0.0203125 0.025
0 0.33984375 0.609375 0.096875 0.0359375
0 0.76796875 0.68046875 0.0453125 0.021875
0 0.66796875 0.72421875 0.0578125 0.0390625
0 0.66640625 0.77734375 0.1140625 0.0484375
0 0.8734375 0.64609375 0.090625 0.0671875
0 0.78359375 0.57578125 0.1046875 0.0421875
0 0.74375 0.5078125 0.10625 0.0578125
0 0.90390625 0.925 0.0265625 0.025
0 0.9015625 0.59296875 0.0484375 0.03125