0 0.165625 0.32421875 0.146875 0.11875
0 0.29453125 0.48046875 0.2234375 0.134375
0 0.2921875 0.32109375 0.15625 0.15625
0 0.4890625 0.29453125 0.284375 0.259375
0 0.4203125 0.16328125 0.2140625 0.1109375
0 0.546875 0.0953125 0.125 0.1421875
0 0.6859375 0.23671875 0.1453125 0.1765625
0 0.78125 0.40390625 0.196875 0.1859375
0 0.63671875 0.43125 0.18125 0.1265625
0 0.47265625 0.4421875 0.196875 0.1453125
0 0.52265625 0.5265625 0.159375 0.1765625
0 0.66328125 0.61796875 0.153125 0.1421875
0 0.5 0.74765625 0.23125 0.2125
0 0.696875 0.79921875 0.3203125 0.3703125
0 0.30859375 0.615625 0.228125 0.153125
0 0.88359375 0.19609375 0.228125 0.16875
0 0.1234375 0.70703125 0.1875 0.2125
0 0.43125 0.85078125 0.2109375 0.1640625