0 0.4078125 0.0625 0.196875 0.125
0 0.2625 0.06171875 0.18125 0.1234375
0 0.0984375 0.071875 0.196875 0.14375
0 0.14921875 0.15625 0.1578125 0.175
0 0.28984375 0.24765625 0.1546875 0.1421875
0 0.12578125 0.36484375 0.2296875 0.1890625
0 0.32265625 0.3515625 0.3203125 0.215625
0 0.02421875 0.24453125 0.0484375 0.1546875
0 0.08125 0.42890625 0.1625 0.0609375
0 0.88203125 0.2578125 0.2359375 0.403125
0 0.91328125 0.1875 0.040625 0.040625
0 0.671875 0.3796875 0.0375 0.0625
0 0.3484375 0.83359375 0.1765625 0.2359375
0 0.53046875 0.7015625 0.0640625 0.14375
0 0.0828125 0.7109375 0.14375 0.175
0 0.0765625 0.47890625 0.021875 0.0390625
0 0.2359375 0.7375 0.0671875 0.1
0 0.38984375 0.66875 0.0328125 0.05
0 0.56171875 0.9 0.0234375 0.0390625
0 0.50625 0.5703125 0.0203125 0.0515625
0 0.4546875 0.5796875 0.0359375 0.03125
0 0.5625 0.96328125 0.0203125 0.0390625
0 0.4953125 0.7828125 0.034375 0.03125
0 0.0078125 0.69921875 0.015625 0.1046875
0 0.125 0.47890625 0.034375 0.0359375
0 0.60390625 0.8203125 0.0203125 0.025
0 0.515625 0.95390625 0.0203125 0.025
0 0.93203125 0.8671875 0.084375 0.1625
0 0.66875 0.94296875 0.1 0.1140625
0 0.81328125 0.86953125 0.065625 0.146875
0 0.94375 0.62109375 0.06875 0.103125
0 0.76015625 0.5125 0.0578125 0.0828125
0 0.67265625 0.83828125 0.034375 0.0484375
0 0.95703125 0.76015625 0.0484375 0.059375
0 0.7890625 0.7390625 0.0203125 0.0515625
0 0.7375 0.7484375 0.0359375 0.03125
0 0.778125 0.9515625 0.034375 0.03125
0 0.81796875 0.6140625 0.025 0.0265625
0 0.8890625 0.5125 0.0171875 0.021875
0 0.8859375 0.98828125 0.01875 0.0234375