0 0.08984375 0.3375 0.1796875 0.134375
0 0.071875 0.178125 0.14375 0.15625
0 0.2625 0.15234375 0.284375 0.259375
0 0.19296875 0.03828125 0.2140625 0.0765625
0 0.459375 0.09453125 0.14375 0.1765625
0 0.528125 0.2609375 0.14375 0.184375
0 0.41015625 0.2890625 0.1796875 0.128125
0 0.24609375 0.3 0.196875 0.14375
0 0.2953125 0.35234375 0.159375 0.1140625
0 0.57109375 0.06875 0.0578125 0.1375
0 0.7140625 0.21328125 0.228125 0.2265625
0 0.82421875 0.38046875 0.2359375 0.0578125
0 0.02421875 0.66640625 0.0484375 0.0546875
0 0.1078125 0.5859375 0.034375 0.01875
0 0.18515625 0.5796875 0.03125 0.0171875
0 0.17265625 0.7265625 0.0671875 0.025
0 0.4625 0.78515625 0.171875 0.1640625
0 0.53984375 0.74453125 0.0359375 0.0234375
0 0.4359375 0.59609375 0.028125 0.021875
0 0.46640625 0.54140625 0.021875 0.0140625
0 0.490625 0.6015625 0.025 0.0171875
0 0.29921875 0.4859375 0.0390625 0.0125
0 0.315625 0.60859375 0.028125 0.0203125
0 0.34375 0.75859375 0.0484375 0.028125
0 0.4359375 0.98359375 0.0265625 0.0171875
0 0.5109375 0.95 0.03125 0.0171875
0 0.06484375 0.94140625 0.03125 0.0296875
0 0.4671875 0.68046875 0.09375 0.03125
0 0.2484375 0.53515625 0.0203125 0.0171875
0 0.365625 0.546875 0.0171875 0.0171875
0 0.021875 0.834375 0.0359375 0.025
0 0.93125 0.959375 0.10625 0.08125
0 0.80234375 0.79140625 0.1796875 0.1609375
0 0.9234375 0.72109375 0.0875 0.040625
0 0.9390625 0.62734375 0.040625 0.021875
0 0.96796875 0.59375 0.021875 0.028125
0 0.86484375 0.5921875 0.021875 0.01875