0 0.18828125 0.12265625 0.2234375 0.2453125
0 0.1171875 0.28203125 0.234375 0.0953125
0 0.26328125 0.1828125 0.0734375 0.29375
0 0.9390625 0.19609375 0.121875 0.2671875
0 0.73671875 0.20546875 0.1984375 0.2484375
0 0.49296875 0.20390625 0.2015625 0.2515625
0 0.32578125 0.203125 0.0515625 0.253125
0 0.08203125 0.83125 0.1609375 0.10625
0 0.26796875 0.753125 0.0640625 0.259375
0 0.178125 0.93203125 0.24375 0.1359375
0 0.078125 0.39296875 0.0625 0.0515625
0 0.93984375 0.6875 0.084375 0.1625
0 0.6390625 0.8359375 0.1765625 0.259375
0 0.82109375 0.68984375 0.0640625 0.146875
0 0.9515625 0.44140625 0.06875 0.103125
0 0.76796875 0.3515625 0.0578125 0.04375
0 0.36796875 0.4546875 0.021875 0.0671875
0 0.58203125 0.38359375 0.0296875 0.0515625
0 0.97734375 0.8765625 0.0265625 0.0609375
0 0.5265625 0.72734375 0.0671875 0.1015625
0 0.68046875 0.65859375 0.034375 0.0484375
0 0.96484375 0.58046875 0.0484375 0.059375
0 0.85234375 0.88984375 0.025 0.0390625
0 0.58359375 0.96328125 0.0421875 0.0734375
0 0.55390625 0.34296875 0.0140625 0.0265625
0 0.796875 0.559375 0.0203125 0.0515625
0 0.7453125 0.56875 0.0359375 0.03125
0 0.853125 0.953125 0.0203125 0.0390625
0 0.7859375 0.771875 0.034375 0.03125
0 0.82578125 0.434375 0.025 0.0265625
0 0.89609375 0.33671875 0.0171875 0.0140625
0 0.303125 0.6890625 0.00625 0.10625
0 0.415625 0.46640625 0.0328125 0.0359375
0 0.984375 0.93515625 0.0296875 0.0265625
0 0.89453125 0.809375 0.0203125 0.025
0 0.80625 0.94375 0.0203125 0.025