0 0.1046875 0.13984375 0.209375 0.2640625
0 0.0625 0.3953125 0.125 0.26875
0 0.23359375 0.27421875 0.2328125 0.4234375
0 0.153125 0.4265625 0.246875 0.20625
0 0.7046875 0.33046875 0.590625 0.3984375
0 0.2640625 0.81796875 0.171875 0.2859375
0 0.265625 0.58125 0.16875 0.103125
0 0.08359375 0.5828125 0.1671875 0.10625
0 0.08359375 0.81484375 0.1671875 0.2765625
0 0.425 0.59921875 0.15 0.1390625
0 0.5 0.68671875 0.18125 0.1734375
0 0.44921875 0.9390625 0.1984375 0.121875
0 0.790625 0.92890625 0.165625 0.1421875
0 0.9625 0.74609375 0.075 0.3265625
0 0.934375 0.6 0.13125 0.140625
0 0.7375 0.68515625 0.3328125 0.2859375
0 0.66953125 0.796875 0.271875 0.2265625