0 0.20703125 0.19765625 0.2640625 0.3421875
0 0.41875 0.2015625 0.240625 0.334375
0 0.26015625 0.05234375 0.3015625 0.1046875
0 0.06484375 0.13515625 0.1296875 0.2703125
0 0.05 0.2875 0.1 0.1625
0 0.44765625 0.07265625 0.1828125 0.1453125
0 0.60703125 0.1109375 0.075 0.0703125
0 0.70546875 0.04375 0.0484375 0.0875
0 0.7703125 0.03828125 0.09375 0.0765625
0 0.746875 0.25 0.1125 0.2375
0 0.89921875 0.271875 0.0171875 0.04375
0 0.84609375 0.28671875 0.021875 0.0328125
0 0.940625 0.05703125 0.053125 0.1140625
0 0.9890625 0.1609375 0.021875 0.075
0 0.27734375 0.521875 0.2984375 0.240625
0 0.21484375 0.71640625 0.3109375 0.2765625
0 0.46640625 0.778125 0.1453125 0.196875
0 0.50390625 0.55234375 0.0703125 0.2109375
0 0.26484375 0.90859375 0.3578125 0.1828125
0 0.76953125 0.678125 0.4609375 0.61875
0 0.925 0.96640625 0.15 0.0671875