0 0.1125 0.109375 0.225 0.21875
0 0.29921875 0.109375 0.2578125 0.21875
0 0.4359375 0.07265625 0.0875 0.1453125
0 0.66015625 0.109375 0.3609375 0.21875
0 0.11015625 0.3328125 0.2203125 0.115625
0 0.14921875 0.26953125 0.1640625 0.1015625
0 0.0296875 0.2828125 0.059375 0.053125
0 0.01484375 0.4515625 0.0296875 0.021875
0 0.04609375 0.5046875 0.03125 0.0203125
0 0.16015625 0.48671875 0.040625 0.0203125
0 0.22734375 0.4296875 0.0359375 0.0203125
0 0.2453125 0.5390625 0.06875 0.028125
0 0.4109375 0.29140625 0.0578125 0.0421875
0 0.3453125 0.740625 0.0625 0.028125
0 0.1359375 0.65859375 0.071875 0.053125
0 0.17421875 0.61796875 0.0765625 0.028125
0 0.15859375 0.58671875 0.0359375 0.0234375
0 0.01796875 0.77421875 0.0265625 0.0203125
0 0.04921875 0.796875 0.0390625 0.021875
0 0.21640625 0.725 0.0390625 0.0203125
0 0.3375 0.3359375 0.040625 0.025
0 0.26796875 0.30546875 0.04375 0.0265625
0 0.3609375 0.37734375 0.0625 0.03125
0 0.4484375 0.32109375 0.0625 0.0265625
0 0.4421875 0.81015625 0.04375 0.025
0 0.5140625 0.29765625 0.06875 0.1578125
0 0.66328125 0.36796875 0.2859375 0.259375
0 0.5203125 0.43203125 0.08125 0.2109375
0 0.6484375 0.93203125 0.165625 0.1359375
0 0.875 0.95234375 0.25 0.0953125
0 0.89140625 0.75234375 0.2171875 0.3265625
0 0.8078125 0.60390625 0.1609375 0.146875
0 0.6203125 0.69140625 0.28125 0.2859375
0 0.57109375 0.80234375 0.1828125 0.2265625
0 0.96953125 0.4671875 0.0609375 0.209375