0 0.3 0.25 0.6 0.5
0 0.89921875 0.146875 0.134375 0.1328125
0 0.8234375 0.17265625 0.0796875 0.0578125
0 0.81484375 0.20625 0.096875 0.0515625
0 0.68984375 0.12578125 0.040625 0.0265625
0 0.91328125 0.271875 0.1109375 0.075
0 0.83515625 0.2828125 0.0984375 0.0703125
0 0.78125 0.3609375 0.11875 0.075
0 0.65703125 0.30703125 0.1140625 0.0640625
0 0.6359375 0.465625 0.071875 0.06875
0 0.98515625 0.4359375 0.0296875 0.05
0 0.13984375 0.5828125 0.2796875 0.165625
0 0.0875 0.81796875 0.175 0.3640625
0 0.2875 0.64296875 0.38125 0.2859375
0 0.35703125 0.7828125 0.375 0.290625
0 0.753125 0.73203125 0.228125 0.4640625
0 0.9328125 0.73203125 0.134375 0.4234375