0 0.38515625 0.03984375 0.3296875 0.0796875
0 0.27578125 0.26015625 0.4203125 0.4796875
0 0.58515625 0.22109375 0.2296875 0.3921875
0 0.07734375 0.18125 0.1546875 0.3625
0 0.83046875 0.090625 0.2359375 0.18125
0 0.80703125 0.3203125 0.2140625 0.359375
0 0.13359375 0.6703125 0.071875 0.040625
0 0.22421875 0.61953125 0.071875 0.04375
0 0.5875 0.96328125 0.10625 0.0734375
0 0.45859375 0.8 0.1796875 0.1609375
0 0.425 0.5078125 0.0375 0.015625
0 0.053125 0.52734375 0.0484375 0.0265625
0 0.58125 0.73125 0.0859375 0.040625
0 0.440625 0.653125 0.04375 0.0171875
0 0.59296875 0.6390625 0.040625 0.021875
0 0.62421875 0.60625 0.021875 0.0265625
0 0.51875 0.60390625 0.021875 0.0203125
0 0.22890625 0.91171875 0.0484375 0.034375
0 0.07890625 0.83125 0.0203125 0.03125
0 0.31640625 0.53828125 0.0359375 0.028125
0 0.79140625 0.615625 0.1828125 0.23125
0 0.93125 0.80859375 0.1375 0.1640625
0 0.94453125 0.9046875 0.1109375 0.16875
0 0.88984375 0.94765625 0.2203125 0.1046875
0 0.76484375 0.871875 0.1296875 0.15625
0 0.87109375 0.6890625 0.1859375 0.125