0 0.2796875 0.2046875 0.2 0.36875
0 0.14609375 0.18125 0.2453125 0.3625
0 0.8515625 0.04140625 0.259375 0.0828125
0 0.571875 0.07734375 0.33125 0.1546875
0 0.86953125 0.12734375 0.2609375 0.0984375
0 0.771875 0.2171875 0.3875 0.1328125
0 0.575 0.2265625 0.071875 0.0625
0 0.6625 0.315625 0.196875 0.0890625
0 0.88125 0.328125 0.2375 0.121875
0 0.475 0.26796875 0.190625 0.1640625
0 0.58359375 0.365625 0.1296875 0.046875
0 0.040625 0.425 0.075 0.0671875
0 0.3484375 0.675 0.046875 0.05
0 0.18671875 0.78203125 0.0609375 0.0390625
0 0.11015625 0.640625 0.0328125 0.028125
0 0.01640625 0.68984375 0.03125 0.021875
0 0.0078125 0.796875 0.015625 0.021875
0 0.18203125 0.8578125 0.0265625 0.025
0 0.68984375 0.5109375 0.2328125 0.24375
0 0.496875 0.715625 0.234375 0.384375
0 0.7296875 0.82578125 0.1484375 0.15
0 0.86328125 0.88515625 0.1171875 0.2296875
0 0.9609375 0.87265625 0.078125 0.2546875
0 0.9578125 0.684375 0.084375 0.1125
0 0.90859375 0.48203125 0.1828125 0.1859375
0 0.703125 0.93359375 0.14375 0.1328125