0 0.02109375 0.18515625 0.0421875 0.2046875
0 0.1890625 0.140625 0.2375 0.203125
0 0.26171875 0.35078125 0.2140625 0.1890625
0 0.3015625 0.5125 0.134375 0.09375
0 0.05859375 0.38828125 0.1171875 0.2046875
0 0.46171875 0.1484375 0.1109375 0.05625
0 0.5765625 0.0671875 0.034375 0.0203125
0 0.64140625 0.2078125 0.0671875 0.025
0 0.921875 0.265625 0.15625 0.1625
0 0.9953125 0.225 0.009375 0.025
0 0.390625 0.35390625 0.034375 0.03125
0 0.784375 0.08984375 0.028125 0.0203125
0 0.8125 0.23984375 0.0484375 0.0296875
0 0.9046875 0.46484375 0.0265625 0.0171875
0 0.9796875 0.43125 0.03125 0.0171875
0 0.53359375 0.42265625 0.03125 0.0296875
0 0.9359375 0.16171875 0.09375 0.03125
0 0.7171875 0.01640625 0.0203125 0.0171875
0 0.4265625 0.25078125 0.0203125 0.025
0 0.42265625 0.19765625 0.034375 0.03125
0 0.57109375 0.5328125 0.0359375 0.025
0 0.50859375 0.52109375 0.053125 0.0265625
0 0.490625 0.315625 0.0359375 0.0234375
0 0.11953125 0.66640625 0.2390625 0.2140625
0 0.184375 0.765625 0.36875 0.396875
0 0.28671875 0.728125 0.1640625 0.3375
0 0.4796875 0.61875 0.221875 0.11875
0 0.753125 0.62734375 0.340625 0.1359375
0 0.80234375 0.80625 0.3953125 0.3875
0 0.5046875 0.821875 0.271875 0.35625