0 0.07890625 0.07578125 0.1578125 0.1515625
0 0.31171875 0.05390625 0.1859375 0.1078125
0 0.3875 0.20859375 0.14375 0.2046875
0 0.4203125 0.4296875 0.078125 0.140625
0 0.03359375 0.28359375 0.0671875 0.2640625
0 0.203125 0.2625 0.184375 0.2140625
0 0.59140625 0.05390625 0.1359375 0.0921875
0 0.6 0.12109375 0.259375 0.0984375
0 0.60703125 0.32734375 0.2953125 0.3453125
0 0.825 0.35078125 0.08125 0.084375
0 0.81875 0.40859375 0.121875 0.0609375
0 0.82421875 0.46953125 0.1328125 0.0609375
0 0.15859375 0.60546875 0.053125 0.065625
0 0.16796875 0.5390625 0.0875 0.071875
0 0.315625 0.54765625 0.0890625 0.0859375
0 0.328125 0.64375 0.075 0.0671875
0 0.41171875 0.71484375 0.075 0.05625
0 0.4375 0.7453125 0.04375 0.05625
0 0.37578125 0.6015625 0.040625 0.0390625
0 0.2484375 0.86171875 0.0703125 0.065625
0 0.0390625 0.79375 0.078125 0.084375
0 0.23984375 0.6703125 0.05625 0.040625
0 0.2578125 0.5859375 0.0390625 0.04375
0 0.70625 0.67890625 0.346875 0.2359375
0 0.86640625 0.98828125 0.0296875 0.0234375
0 0.98359375 0.87734375 0.0328125 0.0265625
0 0.85 0.83125 0.028125 0.01875
0 0.79453125 0.9140625 0.0234375 0.01875