0 0.19453125 0.2078125 0.3890625 0.4
0 0.2875 0.4 0.48125 0.396875
0 0.521875 0.265625 0.334375 0.53125
0 0.3078125 0.05546875 0.415625 0.1109375
0 0.7140625 0.40625 0.05 0.134375
0 0.82578125 0.2203125 0.2734375 0.259375
0 0.77421875 0.08984375 0.1703125 0.1109375
0 0.8796875 0.04609375 0.125 0.0921875
0 0.97265625 0.1625 0.0546875 0.175
0 0.9390625 0.35703125 0.121875 0.1265625
0 0.80546875 0.36875 0.196875 0.1453125
0 0.85546875 0.453125 0.159375 0.1765625
0 0.959375 0.54453125 0.08125 0.1421875
0 0.83203125 0.59296875 0.2296875 0.0515625
0 0.721875 0.54140625 0.065625 0.1546875
0 0.34453125 0.809375 0.6890625 0.38125
0 0.65703125 0.809375 0.0640625 0.38125
0 0.765625 0.78671875 0.153125 0.1703125
0 0.91484375 0.82421875 0.1703125 0.3515625