0 0.0984375 0.3015625 0.196875 0.4
0 0.1671875 0.49375 0.334375 0.396875
0 0.3609375 0.315625 0.396875 0.61875
0 0.16171875 0.10234375 0.3234375 0.2046875
0 0.60625 0.24453125 0.09375 0.0546875
0 0.7125 0.1640625 0.034375 0.01875
0 0.77734375 0.3046875 0.0671875 0.025
0 0.57109375 0.73359375 0.0234375 0.0453125
0 0.9203125 0.18671875 0.0296875 0.0203125
0 0.9484375 0.33671875 0.0484375 0.0296875
0 0.66953125 0.51953125 0.03125 0.0296875
0 0.853125 0.11328125 0.0203125 0.0171875
0 0.565625 0.346875 0.0125 0.025
0 0.5671875 0.29375 0.015625 0.03125
0 0.70703125 0.6296875 0.0359375 0.0234375
0 0.8015625 0.67578125 0.0484375 0.0390625
0 0.64453125 0.61796875 0.053125 0.0265625
0 0.6265625 0.4125 0.0359375 0.025
0 0.06484375 0.90625 0.1296875 0.15
0 0.18984375 0.92578125 0.1171875 0.1484375
0 0.35078125 0.91328125 0.2046875 0.1734375
0 0.478125 0.83359375 0.1625 0.1296875
0 0.30625 0.7953125 0.128125 0.053125
0 0.6890625 0.884375 0.259375 0.23125