0 0.40703125 0.25546875 0.2859375 0.5109375
0 0.61484375 0.13515625 0.1296875 0.2703125
0 0.8015625 0.13515625 0.228125 0.2703125
0 0.96328125 0.13515625 0.0734375 0.2703125
0 0.965625 0.4234375 0.06875 0.23125
0 0.80234375 0.42265625 0.2296875 0.2328125
0 0.61328125 0.42421875 0.1265625 0.2296875
0 0.1734375 0.78671875 0.346875 0.2390625
0 0.21640625 0.9453125 0.1859375 0.109375
0 0.40078125 0.96171875 0.2765625 0.0765625
0 0.46875 0.6625 0.1625 0.23125
0 0.47421875 0.84140625 0.1515625 0.1171875
0 0.30625 0.60546875 0.309375 0.1328125
0 0.08984375 0.5984375 0.1796875 0.11875
0 0.059375 0.9390625 0.11875 0.121875
0 0.84921875 0.9109375 0.165625 0.121875
0 0.746875 0.69296875 0.128125 0.05625
0 0.95390625 0.5546875 0.0390625 0.03125
0 0.846875 0.54609375 0.034375 0.0140625
0 0.5578125 0.9125 0.015625 0.0375