0 0.128125 0.284375 0.221875 0.56875
0 0.11953125 0.0609375 0.2390625 0.121875
0 0.915625 0.05078125 0.16875 0.1015625
0 0.94296875 0.14609375 0.1140625 0.1234375
0 0.9125 0.3265625 0.175 0.28125
0 0.7328125 0.4484375 0.4765625 0.2390625
0 0.7265625 0.30078125 0.384375 0.2
0 0.734375 0.11328125 0.415625 0.2265625
0 0.45625 0.02578125 0.334375 0.0515625
0 0.29296875 0.06640625 0.1078125 0.1328125
0 0.4 0.2734375 0.321875 0.3375
0 0.4609375 0.47734375 0.29375 0.1828125
0 0.1515625 0.671875 0.175 0.20625
0 0.1484375 0.90078125 0.18125 0.1984375
0 0.75234375 0.9734375 0.1890625 0.053125
0 0.540625 0.77890625 0.125 0.0578125
0 0.44453125 0.790625 0.075 0.0453125
0 0.79140625 0.89296875 0.1015625 0.0625
0 0.47421875 0.99609375 0.0359375 0.0078125
0 0.90546875 0.9890625 0.0453125 0.021875
0 0.88046875 0.74765625 0.0578125 0.0359375
0 0.590625 0.734375 0.0515625 0.021875
0 0.65703125 0.8953125 0.04375 0.0265625
0 0.74453125 0.8484375 0.053125 0.034375
0 0.35546875 0.6765625 0.025 0.0265625
0 0.321875 0.78125 0.0296875 0.0359375