0 0.43984375 0.0546875 0.1546875 0.109375
0 0.31796875 0.05234375 0.0890625 0.1046875
0 0.3953125 0.1453125 0.15 0.1296875
0 0.4875 0.18203125 0.1515625 0.1390625
0 0.4734375 0.278125 0.128125 0.153125
0 0.14921875 0.33046875 0.1 0.15625
0 0.15859375 0.140625 0.2890625 0.28125
0 0.275 0.34296875 0.14375 0.1796875
0 0.36796875 0.28359375 0.0859375 0.10625
0 0.384375 0.41640625 0.125 0.1265625
0 0.5 0.428125 0.096875 0.103125
0 0.25625 0.44375 0.125 0.071875
0 0.15703125 0.4609375 0.0890625 0.0375
0 0.05703125 0.35859375 0.1140625 0.2390625
0 0.65078125 0.10703125 0.1234375 0.1734375
0 0.8578125 0.13125 0.21875 0.1515625
0 0.890625 0.29140625 0.21875 0.1828125
0 0.87109375 0.428125 0.2046875 0.103125
0 0.678125 0.28671875 0.178125 0.1671875
0 0.23515625 0.6078125 0.3046875 0.25625
0 0.4390625 0.68671875 0.1625 0.1203125
0 0.08125 0.84453125 0.1625 0.2546875
0 0.67578125 0.64921875 0.0609375 0.0515625
0 0.61796875 0.97421875 0.0578125 0.0515625
0 0.60546875 0.74375 0.0328125 0.028125
0 0.70390625 0.95625 0.1140625 0.0578125
0 0.86484375 0.55546875 0.03125 0.0296875
0 0.86484375 0.73984375 0.0390625 0.0390625
0 0.94296875 0.85234375 0.0625 0.0578125
0 0.9453125 0.8984375 0.090625 0.0484375