0 0.16796875 0.37890625 0.1765625 0.240625
0 0.3140625 0.4859375 0.1515625 0.1734375
0 0.28984375 0.19453125 0.3203125 0.34375
0 0.8125 0.16953125 0.275 0.2140625
0 0.8421875 0.3328125 0.1546875 0.134375
0 0.7203125 0.33515625 0.0890625 0.1234375
0 0.796875 0.4359375 0.15 0.1296875
0 0.8890625 0.47265625 0.1515625 0.1390625
0 0.875 0.56875 0.128125 0.153125
0 0.55078125 0.62109375 0.1015625 0.15625
0 0.5609375 0.42421875 0.2890625 0.2953125
0 0.6765625 0.63359375 0.1453125 0.1796875
0 0.76953125 0.57421875 0.0875 0.10625
0 0.7859375 0.7234375 0.125 0.159375
0 0.90234375 0.7609375 0.096875 0.1875
0 0.77734375 0.84765625 0.1421875 0.1421875
0 0.6578125 0.80546875 0.125 0.2140625
0 0.55859375 0.82421875 0.0890625 0.1828125
0 0.61640625 0.9328125 0.1171875 0.1296875
0 0.4375 0.65 0.159375 0.2390625
0 0.2953125 0.66484375 0.1453125 0.134375
0 0.178125 0.603125 0.1203125 0.1640625
0 0.09609375 0.728125 0.1421875 0.1609375
0 0.1609375 0.853125 0.16875 0.2046875
0 0.30390625 0.9484375 0.1453125 0.0984375
0 0.33515625 0.7859375 0.0765625 0.1296875
0 0.4359375 0.8734375 0.134375 0.18125