0 0.57890625 0.03984375 0.1203125 0.0796875
0 0.2578125 0.06640625 0.1 0.1328125
0 0.38359375 0.07890625 0.1453125 0.1578125
0 0.4765625 0.03046875 0.0875 0.0609375
0 0.49375 0.1578125 0.125 0.159375
0 0.6 0.18046875 0.078125 0.1578125
0 0.48515625 0.23515625 0.1421875 0.0484375
0 0.365625 0.19609375 0.125 0.1265625
0 0.26640625 0.21328125 0.0890625 0.0921875
0 0.14453125 0.1015625 0.1578125 0.203125
0 0.0375 0.0984375 0.075 0.134375
0 0.04296875 0.20703125 0.0765625 0.1046875
0 0.14375 0.23828125 0.134375 0.0421875
0 0.81953125 0.1296875 0.3609375 0.259375
0 0.11328125 0.33984375 0.0609375 0.071875
0 0.07265625 0.47265625 0.0625 0.0484375
0 0.1234375 0.57578125 0.034375 0.0234375
0 0.571875 0.3890625 0.0484375 0.0515625
0 0.41015625 0.49609375 0.0609375 0.0390625
0 0.33359375 0.3546875 0.0328125 0.0265625
0 0.23984375 0.40390625 0.03125 0.021875
0 0.35390625 0.7796875 0.23125 0.159375
0 0.61328125 0.7640625 0.0359375 0.034375
0 0.59453125 0.72578125 0.0296875 0.0265625
0 0.62265625 0.7 0.0328125 0.028125
0 0.0765625 0.8171875 0.034375 0.0359375
0 0.07421875 0.88203125 0.040625 0.03125
0 0.09765625 0.93984375 0.0515625 0.0328125
0 0.05 0.9015625 0.0265625 0.0296875
0 0.10859375 0.30625 0.0390625 0.0265625
0 0.22421875 0.5109375 0.03125 0.021875
0 0.40546875 0.571875 0.0265625 0.025
0 0.79453125 0.6265625 0.0671875 0.0390625
0 0.97734375 0.3875 0.0453125 0.053125
0 0.98203125 0.9828125 0.0359375 0.034375
0 0.8671875 0.934375 0.075 0.025