0 0.46171875 0.11640625 0.0546875 0.2328125
0 0.32734375 0.08359375 0.1484375 0.1671875
0 0.17265625 0.11484375 0.1453125 0.2296875
0 0.034375 0.11015625 0.06875 0.2203125
0 0.67265625 0.17734375 0.2015625 0.2953125
0 0.6140625 0.06015625 0.2125 0.1203125
0 0.74609375 0.0359375 0.2203125 0.071875
0 0.86796875 0.11484375 0.2015625 0.2203125
0 0.896875 0.24921875 0.20625 0.2203125
0 0.4015625 0.8234375 0.175 0.353125
0 0.078125 0.82734375 0.0984375 0.053125
0 0.296875 0.38984375 0.103125 0.0609375
0 0.40546875 0.37734375 0.0765625 0.0359375
0 0.03828125 0.3859375 0.0765625 0.053125
0 0.46328125 0.778125 0.040625 0.040625
0 0.22109375 0.96953125 0.0390625 0.0609375
0 0.47265625 0.465625 0.0328125 0.040625
0 0.2546875 0.4390625 0.05625 0.0359375
0 0.20625 0.48203125 0.040625 0.0203125
0 0.5234375 0.5 0.06875 0.259375
0 0.6359375 0.72890625 0.29375 0.2703125
0 0.79921875 0.50859375 0.2984375 0.2984375
0 0.8359375 0.91953125 0.221875 0.1609375
0 0.92890625 0.81640625 0.1421875 0.2359375
0 0.96640625 0.5390625 0.0671875 0.359375