0 0.06796875 0.19765625 0.1359375 0.3296875
0 0.228125 0.221875 0.15 0.340625
0 0.39375 0.21640625 0.11875 0.365625
0 0.5 0.22734375 0.059375 0.2296875
0 0.48046875 0.5171875 0.0984375 0.203125
0 0.32421875 0.5046875 0.1484375 0.228125
0 0.16953125 0.52109375 0.1453125 0.1953125
0 0.0328125 0.5515625 0.065625 0.134375
0 0.60703125 0.08984375 0.040625 0.0203125
0 0.67421875 0.0328125 0.0359375 0.01875
0 0.6921875 0.1421875 0.0671875 0.028125
0 0.96953125 0.36328125 0.0578125 0.0390625
0 0.934375 0.41640625 0.13125 0.0484375
0 0.7921875 0.34375 0.0625 0.0296875
0 0.14609375 0.78046875 0.1765625 0.240625
0 0.2921875 0.8875 0.1515625 0.1734375
0 0.2671875 0.69296875 0.31875 0.1484375
0 0.46171875 0.82578125 0.1359375 0.2953125
0 0.41484375 0.965625 0.1578125 0.06875
0 0.15546875 0.9609375 0.1203125 0.078125
0 0.634375 0.809375 0.209375 0.38125