0 0.1703125 0.28671875 0.31875 0.4046875
0 0.946875 0.1078125 0.10625 0.215625
0 0.76875 0.0390625 0.2375 0.078125
0 0.778125 0.09296875 0.2015625 0.16875
0 0.69140625 0.2140625 0.2484375 0.2625
0 0.8859375 0.3234375 0.228125 0.33125
0 0.52734375 0.40546875 0.3171875 0.1671875
0 0.48359375 0.06875 0.2671875 0.1375
0 0.31015625 0.9734375 0.0390625 0.053125
0 0.13671875 0.9109375 0.2734375 0.178125
0 0.01640625 0.80390625 0.0328125 0.0671875
0 0.19453125 0.55625 0.0875 0.090625
0 0.3203125 0.54453125 0.01875 0.0828125
0 0.103125 0.5546875 0.0265625 0.0484375
0 0.17734375 0.8109375 0.096875 0.0359375
0 0.44296875 0.61171875 0.071875 0.0359375
0 0.53671875 0.565625 0.071875 0.0359375
0 0.89765625 0.9 0.10625 0.1109375
0 0.76796875 0.73125 0.18125 0.1453125
0 0.4890625 0.96953125 0.04375 0.03125
0 0.36171875 0.49375 0.0484375 0.009375
0 0.8890625 0.66796875 0.0875 0.0359375
0 0.9046875 0.58359375 0.040625 0.0203125
0 0.93359375 0.55390625 0.021875 0.0265625
0 0.83046875 0.55234375 0.021875 0.0171875
0 0.53828125 0.828125 0.0484375 0.03125
0 0.3859375 0.759375 0.0203125 0.0265625