0 0.13984375 0.0359375 0.2796875 0.071875
0 0.51484375 0.11796875 0.4703125 0.2359375
0 0.1890625 0.66328125 0.09375 0.0671875
0 0.0703125 0.85078125 0.140625 0.1265625
0 0.03203125 0.49609375 0.0640625 0.0546875
0 0.19765625 0.54140625 0.0359375 0.028125
0 0.2515625 0.8109375 0.04375 0.0390625
0 0.16953125 0.78203125 0.03125 0.04375
0 0.115625 0.39609375 0.0484375 0.0453125
0 0.68828125 0.6453125 0.0453125 0.03125
0 0.659375 0.46953125 0.103125 0.0609375
0 0.65078125 0.903125 0.2703125 0.19375
0 0.353125 0.8890625 0.0484375 0.034375
0 0.85234375 0.5734375 0.053125 0.04375