0 0.3015625 0.19921875 0.290625 0.3125
0 0.5390625 0.1859375 0.2 0.371875
0 0.82109375 0.353125 0.2296875 0.053125
0 0.98046875 0.159375 0.0390625 0.25625
0 0.93125 0.07109375 0.1375 0.1421875
0 0.81875 0.05703125 0.1125 0.1140625
0 0.65546875 0.06171875 0.0328125 0.1234375
0 0.6765625 0.13203125 0.075 0.1609375
0 0.69609375 0.3078125 0.1140625 0.14375
0 0.8328125 0.1921875 0.2078125 0.2015625
0 0.85546875 0.2859375 0.2390625 0.1875
0 0.171875 0.7140625 0.34375 0.371875
0 0.06328125 0.928125 0.1265625 0.14375
0 0.03671875 0.47578125 0.0734375 0.1796875
0 0.33359375 0.88515625 0.2359375 0.2296875
0 0.47109375 0.94921875 0.2390625 0.1015625
0 0.4625 0.646875 0.353125 0.43125
0 0.9328125 0.60859375 0.090625 0.0515625
0 0.7703125 0.909375 0.0609375 0.0625
0 0.65703125 0.57109375 0.0359375 0.0890625
0 0.6859375 0.74140625 0.09375 0.1046875