0 0.2890625 0.12734375 0.290625 0.2546875
0 0.5328125 0.1359375 0.2125 0.271875
0 0.54375 0.3890625 0.190625 0.4
0 0.2421875 0.4046875 0.484375 0.36875
0 0.79375 0.078125 0.1125 0.096875
0 0.803125 0.2046875 0.271875 0.221875
0 0.95625 0.175 0.0875 0.2125
0 0.8921875 0.4671875 0.153125 0.24375
0 0.72421875 0.37109375 0.1703125 0.1640625
0 0.71953125 0.4671875 0.1609375 0.16875
0 0.04296875 0.78359375 0.0859375 0.3640625
0 0.15234375 0.70234375 0.1421875 0.1546875
0 0.24765625 0.865625 0.3078125 0.26875
0 0.2671875 0.66328125 0.24375 0.1484375
0 0.5890625 0.7921875 0.1 0.3
0 0.83984375 0.63515625 0.1546875 0.0921875
0 0.81484375 0.67265625 0.1203125 0.1671875
0 0.709375 0.68046875 0.140625 0.1828125
0 0.66875 0.71015625 0.059375 0.2296875
0 0.796875 0.8609375 0.21875 0.228125
0 0.91875 0.7484375 0.159375 0.15625
0 0.953125 0.89453125 0.09375 0.1734375
0 0.9296875 0.98046875 0.140625 0.0390625
0 0.68046875 0.86875 0.0828125 0.115625
0 0.69375 0.95703125 0.109375 0.0859375
0 0.79296875 0.971875 0.1390625 0.05625