0 0.0578125 0.21640625 0.115625 0.2515625
0 0.209375 0.05625 0.271875 0.1125
0 0.2359375 0.3453125 0.221875 0.259375
0 0.41015625 0.2984375 0.2546875 0.253125
0 0.4453125 0.08046875 0.21875 0.1609375
0 0.6609375 0.42578125 0.128125 0.0546875
0 0.71015625 0.1265625 0.0640625 0.059375
0 0.8078125 0.2265625 0.04375 0.05
0 0.86875 0.27890625 0.0390625 0.0515625
0 0.76171875 0.26484375 0.034375 0.04375
0 0.0484375 0.83359375 0.096875 0.0546875
0 0.15625 0.753125 0.034375 0.01875
0 0.23359375 0.746875 0.03125 0.015625
0 0.22109375 0.89375 0.0671875 0.025
0 0.50625 0.93515625 0.165625 0.1296875
0 0.5796875 0.9109375 0.01875 0.025
0 0.484375 0.76328125 0.028125 0.021875
0 0.51484375 0.70859375 0.021875 0.0140625
0 0.5390625 0.76875 0.025 0.015625
0 0.34765625 0.653125 0.0390625 0.0125
0 0.3640625 0.77578125 0.0296875 0.0203125
0 0.3921875 0.92578125 0.0484375 0.0296875
0 0.515625 0.84765625 0.09375 0.03125
0 0.296875 0.70234375 0.0203125 0.0171875
0 0.4140625 0.7140625 0.0171875 0.0171875
0 0.0078125 0.9359375 0.015625 0.025
0 0.009375 0.8828125 0.01875 0.03125
0 0.06953125 0.99453125 0.0359375 0.0109375
0 0.7375 0.74140625 0.296875 0.3046875
0 0.9734375 0.77578125 0.053125 0.0234375
0 0.74453125 0.9671875 0.0796875 0.03125
0 0.9640625 0.98984375 0.071875 0.0203125