0 0.06875 0.25546875 0.1375 0.2515625
0 0.2828125 0.29296875 0.271875 0.1921875
0 0.46953125 0.25390625 0.1203125 0.2703125
0 0.78828125 0.21015625 0.4234375 0.3578125
0 0.60859375 0.19453125 0.1578125 0.3890625
0 0.9125 0.06328125 0.175 0.1265625
0 0.70546875 0.03046875 0.2671875 0.0609375
0 0.0703125 0.4765625 0.08125 0.059375
0 0.425 0.53203125 0.1140625 0.103125
0 0.2421875 0.9765625 0.0375 0.028125
0 0.3140625 0.83828125 0.05 0.0515625
0 0.3234375 0.725 0.028125 0.040625
0 0.2921875 0.7046875 0.065625 0.059375
0 0.0875 0.73046875 0.175 0.1234375
0 0.04453125 0.6625 0.0796875 0.059375
0 0.05234375 0.90546875 0.0296875 0.021875
0 0.2 0.83359375 0.0484375 0.0296875
0 0.3359375 0.88515625 0.03125 0.0265625
0 0.39921875 0.8921875 0.0609375 0.0390625
0 0.33671875 0.98984375 0.0359375 0.0203125
0 0.490625 0.85 0.0515625 0.0296875
0 0.37421875 0.49453125 0.0984375 0.065625
0 0.15078125 0.58125 0.096875 0.040625
0 0.32109375 0.6015625 0.0203125 0.021875
0 0.378125 0.6640625 0.0390625 0.0203125
0 0.053125 0.61875 0.0796875 0.0359375
0 0.1640625 0.51015625 0.0390625 0.021875
0 0.51015625 0.98359375 0.0390625 0.0265625
0 0.95078125 0.55078125 0.0984375 0.1328125
0 0.89375 0.57734375 0.0796875 0.0578125
0 0.88515625 0.6109375 0.0953125 0.05
0 0.76015625 0.53046875 0.040625 0.0265625
0 0.9640625 0.67578125 0.071875 0.0734375
0 0.90546875 0.6875 0.0984375 0.0703125
0 0.8515625 0.765625 0.11875 0.075
0 0.5484375 0.5484375 0.0375 0.065625
0 0.6078125 0.746875 0.11875 0.0484375
0 0.721875 0.7125 0.125 0.065625
0 0.5921875 0.42734375 0.125 0.0765625
0 0.69140625 0.87421875 0.103125 0.075
0 0.57578125 0.69609375 0.0921875 0.0578125
0 0.784375 0.9703125 0.1109375 0.04375