0 0.328125 0.309375 0.65625 0.51875
0 0.8625 0.31328125 0.090625 0.0515625
0 0.86640625 0.03984375 0.2171875 0.0796875
0 0.59609375 0.59375 0.2453125 0.05
0 0.61015625 0.64375 0.2171875 0.15
0 0.20703125 0.66796875 0.4078125 0.1984375
0 0.47109375 0.7703125 0.215625 0.1703125
0 0.2921875 0.85 0.2265625 0.1328125
0 0.12265625 0.9421875 0.2453125 0.115625
0 0.0921875 0.84140625 0.184375 0.2828125
0 0.63984375 0.90625 0.1578125 0.1875
0 0.47890625 0.9265625 0.3171875 0.146875
0 0.8203125 0.6625 0.11875 0.0796875
0 0.859375 0.6015625 0.28125 0.065625
0 0.765625 0.95703125 0.05625 0.04375
0 0.9828125 0.78125 0.034375 0.06875
0 0.95 0.8265625 0.034375 0.0265625