0 0.18671875 0.24765625 0.3734375 0.4953125
0 0.60859375 0.02109375 0.1421875 0.0421875
0 0.94140625 0.30859375 0.1171875 0.2203125
0 0.92734375 0.11796875 0.1453125 0.2140625
0 0.8921875 0.05546875 0.175 0.1109375
0 0.72734375 0.0609375 0.1546875 0.121875
0 0.703125 0.0984375 0.1203125 0.196875
0 0.5796875 0.11796875 0.1765625 0.190625
0 0.5359375 0.1515625 0.1015625 0.23125
0 0.684375 0.3015625 0.21875 0.228125
0 0.80625 0.1890625 0.159375 0.15625
0 0.84375 0.33515625 0.0984375 0.1734375
0 0.81953125 0.47734375 0.1453125 0.15
0 0.94296875 0.45703125 0.1140625 0.1421875
0 0.57890625 0.60234375 0.1640625 0.1328125
0 0.54453125 0.309375 0.1328125 0.115625
0 0.55625 0.45078125 0.1609375 0.190625
0 0.68125 0.509375 0.1390625 0.2484375
0 0.71953125 0.625 0.0828125 0.0875
0 0.8390625 0.5984375 0.2 0.115625
0 0.90703125 0.61640625 0.1859375 0.1046875
0 0.96484375 0.553125 0.0703125 0.215625
0 0.25625 0.871875 0.153125 0.25625
0 0.3921875 0.9125 0.146875 0.175
0 0.1609375 0.91953125 0.196875 0.1609375
0 0.61484375 0.6875 0.0671875 0.025
0 0.90390625 0.74765625 0.1734375 0.1578125
0 0.98203125 0.70546875 0.0359375 0.025
0 0.7859375 0.71953125 0.0484375 0.028125
0 0.878125 0.94453125 0.0265625 0.0171875
0 0.953125 0.9109375 0.03125 0.0171875
0 0.50703125 0.90234375 0.03125 0.0296875
0 0.48828125 0.99375 0.0390625 0.0125
0 0.475 0.79453125 0.0125 0.0234375