0 0.11484375 0.26953125 0.2296875 0.5390625
0 0.33828125 0.51953125 0.0484375 0.0390625
0 0.76171875 0.3390625 0.4765625 0.4
0 0.17421875 0.56796875 0.071875 0.040625
0 0.02421875 0.74453125 0.0484375 0.0609375
0 0.2203125 0.96796875 0.04375 0.034375
0 0.26953125 0.809375 0.0484375 0.034375
0 0.1171875 0.73203125 0.0203125 0.03125
0 0.525 0.67421875 0.171875 0.2703125
0 0.75390625 0.93984375 0.2640625 0.1203125
0 0.8078125 0.8015625 0.3 0.315625
0 0.5578125 0.884375 0.2375 0.23125
0 0.9515625 0.82890625 0.096875 0.3390625