0 0.33984375 0.209375 0.6796875 0.41875
0 0.70625 0.22578125 0.053125 0.0234375
0 0.95078125 0.284375 0.0984375 0.1625
0 0.8421875 0.10859375 0.0296875 0.0203125
0 0.8703125 0.25859375 0.0484375 0.0296875
0 0.9734375 0.1796875 0.053125 0.03125
0 0.775 0.03515625 0.0203125 0.0171875
0 0.6203125 0.68046875 0.103125 0.1703125
0 0.53125 0.6359375 0.1328125 0.246875
0 0.4265625 0.834375 0.1140625 0.18125
0 0.2328125 0.6640625 0.16875 0.1765625
0 0.37890625 0.6640625 0.1734375 0.2640625
0 0.2984375 0.53515625 0.1265625 0.1078125
0 0.33828125 0.44453125 0.1515625 0.0515625
0 0.1359375 0.52734375 0.271875 0.2171875
0 0.3296875 0.95703125 0.228125 0.0859375
0 0.13046875 0.93828125 0.1765625 0.1234375
0 0.62265625 0.5359375 0.1140625 0.234375
0 0.64453125 0.8234375 0.0703125 0.353125
0 0.51953125 0.8546875 0.1734375 0.290625
0 0.44765625 0.5328125 0.1859375 0.228125
0 0.02265625 0.9625 0.0453125 0.075
0 0.89453125 0.71015625 0.11875 0.0796875
0 0.87734375 0.56328125 0.2453125 0.2328125
0 0.74375 0.5890625 0.1109375 0.1515625
0 0.8390625 0.990625 0.05625 0.01875
0 0.77421875 0.425 0.0484375 0.0125