0 0.2546875 0.25546875 0.509375 0.4078125
0 0.653125 0.1328125 0.2875 0.265625
0 0.784375 0.28125 0.43125 0.35625
0 0.89609375 0.11171875 0.2078125 0.1703125
0 0.03671875 0.50390625 0.0734375 0.0890625
0 0.303125 0.47734375 0.18125 0.0359375
0 0.1390625 0.4875 0.196875 0.05625
0 0.1890625 0.5375 0.159375 0.15625
0 0.33046875 0.61953125 0.1546875 0.1421875
0 0.1671875 0.74921875 0.23125 0.2109375
0 0.35625 0.80078125 0.30625 0.3703125
0 0.04453125 0.61640625 0.0890625 0.1546875
0 0.1015625 0.8515625 0.203125 0.1625
0 0.79921875 0.7046875 0.4015625 0.490625