0 0.23984375 0.26484375 0.4796875 0.5296875
0 0.9625 0.48125 0.0359375 0.0296875
0 0.98984375 0.20859375 0.0203125 0.0609375
0 0.80625 0.2359375 0.178125 0.1234375
0 0.65 0.32265625 0.059375 0.0609375
0 0.596875 0.20859375 0.0671875 0.053125
0 0.5546875 0.04375 0.071875 0.0875
0 0.659375 0.0453125 0.096875 0.075
0 0.684375 0.19609375 0.09375 0.0609375
0 0.76484375 0.1671875 0.0796875 0.0609375
0 0.77265625 0.41015625 0.028125 0.021875
0 0.9203125 0.33828125 0.0484375 0.0296875
0 0.87109375 0.0859375 0.096875 0.040625
0 0.6171875 0.48515625 0.03125 0.0171875
0 0.665625 0.4765625 0.0203125 0.0171875
0 0.7734375 0.1234375 0.0796875 0.0359375
0 0.884375 0.01484375 0.0390625 0.021875
0 0.1328125 0.5484375 0.146875 0.0375
0 0.26171875 0.66484375 0.2234375 0.134375
0 0.259375 0.55625 0.15625 0.053125
0 0.41640625 0.56875 0.2046875 0.078125
0 0.4296875 0.62578125 0.178125 0.1453125
0 0.4640625 0.71015625 0.109375 0.1765625
0 0.43515625 0.9125 0.1671875 0.175
0 0.27578125 0.8 0.228125 0.153125
0 0.0921875 0.890625 0.184375 0.2125
0 0.39765625 0.9765625 0.2109375 0.046875
0 0.64296875 0.5421875 0.2328125 0.025
0 0.5515625 0.61640625 0.0359375 0.021875
0 0.58515625 0.66875 0.03125 0.0203125
0 0.69921875 0.65078125 0.040625 0.0203125
0 0.76640625 0.59375 0.0359375 0.0203125
0 0.784375 0.703125 0.0671875 0.0265625
0 0.884375 0.9046875 0.0625 0.0296875
0 0.675 0.82265625 0.071875 0.053125
0 0.71328125 0.78203125 0.0765625 0.028125
0 0.69765625 0.75078125 0.0359375 0.0234375
0 0.55703125 0.93828125 0.0265625 0.0203125
0 0.58828125 0.9609375 0.0390625 0.021875
0 0.75546875 0.8890625 0.0390625 0.0203125
0 0.9 0.54296875 0.0625 0.0265625
0 0.9796875 0.9734375 0.040625 0.025