0 0.3140625 0.21953125 0.628125 0.4390625
0 0.759375 0.25546875 0.259375 0.2203125
0 0.759375 0.0765625 0.259375 0.153125
0 0.91796875 0.22265625 0.1640625 0.2328125
0 0.8625 0.325 0.2 0.128125
0 0.9109375 0.38359375 0.178125 0.1109375
0 0.84296875 0.04375 0.3140625 0.0875
0 0.1 0.4875 0.153125 0.096875
0 0.36796875 0.5953125 0.2046875 0.3125
0 0.22734375 0.72734375 0.3390625 0.5453125
0 0.2359375 0.49375 0.146875 0.109375
0 0.4671875 0.7234375 0.215625 0.30625
0 0.0515625 0.575 0.103125 0.271875
0 0.69140625 0.8 0.1234375 0.1625
0 0.74453125 0.76015625 0.0359375 0.025
0 0.6421875 0.6109375 0.025 0.021875
0 0.67109375 0.55703125 0.021875 0.0140625
0 0.6953125 0.6171875 0.025 0.0171875
0 0.98203125 0.96015625 0.0359375 0.0484375
0 0.64140625 0.9953125 0.0234375 0.009375
0 0.715625 0.965625 0.03125 0.0171875
0 0.67421875 0.6953125 0.0890625 0.03125
0 0.9484375 0.73359375 0.0578125 0.0234375
0 0.934375 0.5703125 0.0203125 0.0203125