0 0.209375 0.3046875 0.41875 0.609375
0 0.9359375 0.41484375 0.103125 0.1703125
0 0.846875 0.3703125 0.1328125 0.2484375
0 0.74140625 0.54375 0.1140625 0.13125
0 0.5484375 0.3984375 0.16875 0.1765625
0 0.69453125 0.3984375 0.1734375 0.2640625
0 0.6140625 0.26953125 0.128125 0.1078125
0 0.6546875 0.115625 0.1515625 0.18125
0 0.503125 0.2265625 0.16875 0.2875
0 0.940625 0.26015625 0.11875 0.2546875
0 0.9625 0.4953125 0.075 0.228125
0 0.83515625 0.5265625 0.1734375 0.165625
0 0.7640625 0.23359375 0.1859375 0.2953125
0 0.8671875 0.0875 0.15625 0.175
0 0.57734375 0.03203125 0.1703125 0.0640625
0 0.9734375 0.06640625 0.053125 0.1328125
0 0.2453125 0.8046875 0.3125 0.390625
0 0.0859375 0.721875 0.171875 0.225
0 0.57109375 0.646875 0.1796875 0.075
0 0.51953125 0.89453125 0.2015625 0.2109375
0 0.57109375 0.9875 0.2859375 0.025
0 0.8625 0.884375 0.165625 0.23125
0 0.74453125 0.93984375 0.2078125 0.1203125
0 0.80859375 0.67421875 0.3328125 0.1296875
0 0.740625 0.71484375 0.271875 0.2109375