0 0.225 0.24453125 0.45 0.4890625
0 0.64921875 0.20390625 0.2546875 0.3359375
0 0.61171875 0.41953125 0.2703125 0.1390625
0 0.81484375 0.415625 0.1765625 0.146875
0 0.9 0.28125 0.2 0.228125
0 0.79375 0.03828125 0.209375 0.0765625
0 0.8484375 0.1703125 0.1953125 0.253125
0 0.3890625 0.7390625 0.121875 0.190625
0 0.15078125 0.55703125 0.040625 0.0359375
0 0.02109375 0.55546875 0.0421875 0.0453125
0 0.2203125 0.50390625 0.0375 0.0296875
0 0.14296875 0.753125 0.0453125 0.034375
0 0.61796875 0.85625 0.3359375 0.2875
0 0.928125 0.815625 0.075 0.0453125
0 0.9875 0.68125 0.025 0.053125
0 0.94296875 0.5703125 0.065625 0.0390625
0 0.55078125 0.84375 0.040625 0.040625
0 0.57421875 0.53203125 0.0609375 0.040625
0 0.65625 0.5203125 0.059375 0.0625
0 0.746875 0.52734375 0.0484375 0.0296875