0 0.2328125 0.32421875 0.453125 0.3296875
0 0.88125 0.096875 0.19375 0.19375
0 0.959375 0.24921875 0.08125 0.2890625
0 0.9078125 0.08359375 0.184375 0.1671875
0 0.63828125 0.2953125 0.21875 0.3578125
0 0.690625 0.1328125 0.271875 0.265625
0 0.51953125 0.134375 0.1203125 0.26875
0 0.49921875 0.36484375 0.0796875 0.2484375
0 0.14765625 0.66640625 0.2953125 0.3546875
0 0.50859375 0.65703125 0.0984375 0.2015625
0 0.8578125 0.834375 0.0453125 0.0296875
0 0.77265625 0.67578125 0.065625 0.0453125
0 0.5765625 0.80859375 0.0703125 0.0453125
0 0.75625 0.98515625 0.053125 0.0296875
0 0.48203125 0.49375 0.0453125 0.009375