0 0.20546875 0.29375 0.4109375 0.40625
0 0.56875 0.26640625 0.146875 0.1171875
0 0.69765625 0.42265625 0.2234375 0.134375
0 0.6953125 0.26328125 0.15625 0.15625
0 0.875 0.2359375 0.25 0.259375
0 0.8234375 0.10546875 0.2140625 0.1109375
0 0.94375 0.05390625 0.1125 0.1078125
0 0.97421875 0.37265625 0.0515625 0.1265625
0 0.87578125 0.384375 0.196875 0.1453125
0 0.92265625 0.46796875 0.1546875 0.1765625
0 0.7109375 0.534375 0.228125 0.109375
0 0.175 0.7109375 0.3125 0.24375
0 0.67421875 0.69140625 0.103125 0.096875
0 0.7828125 0.6828125 0.0765625 0.065625
0 0.54375 0.6 0.090625 0.021875
0 0.86328125 0.78515625 0.0609375 0.040625
0 0.94609375 0.77109375 0.0609375 0.0703125
0 0.63125 0.7578125 0.05625 0.0359375
0 0.5828125 0.80078125 0.040625 0.0203125
0 0.6171875 0.60390625 0.05 0.0296875