0 0.05 0.1109375 0.1 0.221875
0 0.1796875 0.25703125 0.203125 0.209375
0 0.33828125 0.35625 0.1421875 0.315625
0 0.1125 0.471875 0.225 0.2375
0 0.08125 0.596875 0.1625 0.10625
0 0.31328125 0.6015625 0.1921875 0.096875
0 0.4296875 0.30234375 0.040625 0.0546875
0 0.5109375 0.22109375 0.034375 0.0203125
0 0.5875 0.21484375 0.03125 0.0171875
0 0.57578125 0.36328125 0.0671875 0.0234375
0 0.86640625 0.421875 0.1734375 0.1625
0 0.94375 0.3796875 0.0375 0.025
0 0.83984375 0.23203125 0.0296875 0.021875
0 0.8703125 0.17578125 0.021875 0.0140625
0 0.89453125 0.23671875 0.0234375 0.0203125
0 0.64765625 0.0296875 0.0203125 0.0125
0 0.7015625 0.12109375 0.0375 0.0109375
0 0.71875 0.24375 0.0296875 0.0203125
0 0.74609375 0.39453125 0.0484375 0.0296875
0 0.83984375 0.6203125 0.0265625 0.0203125
0 0.91484375 0.58671875 0.03125 0.0171875
0 0.4671875 0.578125 0.0296875 0.0296875
0 0.87109375 0.3171875 0.09375 0.03125
0 0.6515625 0.1703125 0.0203125 0.0203125
0 0.76953125 0.1828125 0.0171875 0.0171875
0 0.42578125 0.47109375 0.0328125 0.0265625
0 0.19375 0.95703125 0.10625 0.0859375
0 0.07734375 0.78671875 0.1546875 0.1609375
0 0.1875 0.71875 0.0875 0.040625
0 0.71875 0.86640625 0.103125 0.0609375
0 0.91171875 0.9703125 0.053125 0.04375