0 0.25703125 0.33046875 0.1109375 0.2625
0 0.3921875 0.49609375 0.2015625 0.209375
0 0.5734375 0.59609375 0.1875 0.3140625
0 0.7390625 0.62265625 0.1609375 0.3078125
0 0.875 0.62265625 0.1109375 0.2765625
0 0.2359375 0.71171875 0.4046875 0.2390625
0 0.27421875 0.88828125 0.2015625 0.209375
0 0.5453125 0.8921875 0.23125 0.2
0 0.6734375 0.78515625 0.1390625 0.23125
0 0.7984375 0.84609375 0.16875 0.2171875
0 0.93359375 0.84609375 0.11875 0.29375
0 0.96171875 0.77265625 0.0625 0.2703125
0 0.91015625 0.2046875 0.16875 0.2703125
0 0.7703125 0.396875 0.1953125 0.1609375