0 0.26171875 0.1421875 0.5234375 0.284375
0 0.471875 0.40625 0.29375 0.246875
0 0.24765625 0.46484375 0.4953125 0.1296875
0 0.88203125 0.17265625 0.065625 0.115625
0 0.92734375 0.45625 0.0453125 0.0484375
0 0.9484375 0.440625 0.04375 0.0484375
0 0.93984375 0.159375 0.053125 0.0453125
0 0.8359375 0.0875 0.0359375 0.04375
0 0.7296875 0.0125 0.034375 0.025
0 0.9875 0.03828125 0.025 0.0265625
0 0.971875 0.10546875 0.03125 0.0296875
0 0.94453125 0.0703125 0.03125 0.0265625
0 0.7703125 0.17421875 0.0265625 0.025
0 0.7171875 0.0453125 0.03125 0.021875
0 0.7328125 0.48125 0.028125 0.025
0 0.86484375 0.034375 0.021875 0.0234375
0 0.89296875 0.02109375 0.0265625 0.021875
0 0.675 0.090625 0.028125 0.025
0 0.64609375 0.09609375 0.03125 0.021875
0 0.628125 0.01171875 0.01875 0.0234375
0 0.628125 0.053125 0.01875 0.025
0 0.1453125 0.5921875 0.290625 0.125
0 0.39609375 0.5921875 0.2546875 0.125
0 0.22890625 0.93359375 0.3359375 0.1328125
0 0.49765625 0.80703125 0.2421875 0.3859375
0 0.8671875 0.9140625 0.265625 0.171875
0 0.7296875 0.58046875 0.09375 0.1015625