0 0.33046875 0.32890625 0.1984375 0.2984375
0 0.165625 0.14375 0.2875 0.2875
0 0.04765625 0.36484375 0.0953125 0.5703125
0 0.29375 0.6015625 0.271875 0.096875
0 0.17890625 0.4390625 0.1890625 0.421875
0 0.34609375 0.53984375 0.1671875 0.2203125
0 0.3390625 0.1421875 0.18125 0.284375
0 0.859375 0.5703125 0.0875 0.0796875
0 0.7765625 0.38984375 0.0625 0.0765625
0 0.58515625 0.3671875 0.2859375 0.278125
0 0.45859375 0.20859375 0.0578125 0.0671875
0 0.9265625 0.3265625 0.121875 0.0984375
0 0.86875 0.50078125 0.059375 0.0390625
0 0.7484375 0.55234375 0.0390625 0.034375
0 0.63203125 0.215625 0.096875 0.0359375
0 0.1765625 0.825 0.353125 0.35
0 0.91015625 0.73515625 0.1796875 0.1140625
0 0.63671875 0.7421875 0.0359375 0.0375
0 0.58046875 0.821875 0.065625 0.034375
0 0.4734375 0.84765625 0.0875 0.0453125
0 0.95078125 0.85546875 0.0984375 0.1390625
0 0.92734375 0.98359375 0.0484375 0.0328125
0 0.88203125 0.92578125 0.0578125 0.0125
0 0.4421875 0.74296875 0.025 0.0203125