0 0.60078125 0.3421875 0.2359375 0.275
0 0.4171875 0.15625 0.2875 0.3125
0 0.22109375 0.2921875 0.2515625 0.375
0 0.43046875 0.36640625 0.1890625 0.2265625
0 0.609375 0.1546875 0.21875 0.309375
0 0.6875 0.33046875 0.0625 0.2984375
0 0.82578125 0.015625 0.0765625 0.03125
0 0.8265625 0.0609375 0.11875 0.090625
0 0.83984375 0.14296875 0.1359375 0.0921875
0 0.8484375 0.21015625 0.259375 0.0984375
0 0.859375 0.36171875 0.28125 0.2359375
0 0.17421875 0.921875 0.2515625 0.15625
0 0.34296875 0.921875 0.1640625 0.15625
0 0.50390625 0.95859375 0.1796875 0.0828125
0 0.55625 0.82421875 0.215625 0.2734375
0 0.6578125 0.76328125 0.121875 0.1671875
0 0.65078125 0.90390625 0.1359375 0.1921875
0 0.421875 0.703125 0.134375 0.2375
0 0.30625 0.8125 0.2046875 0.2265625
0 0.73515625 0.5078125 0.0328125 0.04375
0 0.92578125 0.5171875 0.1484375 0.075
0 0.93515625 0.93359375 0.0453125 0.021875
0 0.83515625 0.97734375 0.0578125 0.0390625
0 0.9484375 0.828125 0.103125 0.04375
0 0.9109375 0.7609375 0.10625 0.0578125
0 0.76328125 0.53828125 0.065625 0.0265625
0 0.8875 0.584375 0.0359375 0.0265625
0 0.953125 0.5828125 0.0359375 0.0203125
0 0.99140625 0.61796875 0.0171875 0.0265625
0 0.82109375 0.5046875 0.0296875 0.0203125