0 0.278125 0.11953125 0.2984375 0.1765625
0 0.05 0.10625 0.1 0.2125
0 0.2109375 0.28984375 0.421875 0.2390625
0 0.353125 0.321875 0.3125 0.175
0 0.87265625 0.378125 0.1890625 0.0625
0 0.6609375 0.17890625 0.125 0.0578125
0 0.56484375 0.190625 0.075 0.0453125
0 0.91171875 0.29296875 0.1015625 0.0625
0 0.59453125 0.40078125 0.0359375 0.0171875
0 0.9859375 0.14765625 0.028125 0.0359375
0 0.7109375 0.134375 0.0515625 0.021875
0 0.68984375 0.06015625 0.0484375 0.03125
0 0.77734375 0.2953125 0.04375 0.0265625
0 0.86484375 0.2484375 0.053125 0.034375
0 0.43046875 0.509375 0.1578125 0.165625
0 0.31171875 0.653125 0.134375 0.13125
0 0.2359375 0.67890625 0.0796875 0.0578125
0 0.22734375 0.7125 0.0953125 0.05
0 0.10234375 0.63203125 0.040625 0.0265625
0 0.03125 0.4765625 0.0625 0.04375
0 0.32578125 0.778125 0.1109375 0.075
0 0.24765625 0.7890625 0.0984375 0.06875
0 0.19375 0.8671875 0.11875 0.075
0 0.0640625 0.8140625 0.125 0.065625
0 0.0421875 0.96875 0.084375 0.0625
0 0.490625 0.96171875 0.0375 0.0421875
0 0.4140625 0.94296875 0.0609375 0.0515625
0 0.2046875 0.44921875 0.0484375 0.034375
0 0.83828125 0.4171875 0.1109375 0.015625
0 0.95546875 0.66015625 0.0890625 0.1328125
0 0.903125 0.68671875 0.0796875 0.0578125
0 0.89453125 0.7203125 0.0953125 0.05
0 0.76953125 0.63984375 0.040625 0.0265625
0 0.6984375 0.484375 0.0625 0.04375
0 0.96875 0.78515625 0.0625 0.0734375
0 0.91484375 0.796875 0.0984375 0.06875
0 0.8609375 0.875 0.11875 0.075
0 0.54296875 0.6578125 0.0671875 0.065625
0 0.6171875 0.85625 0.11875 0.0484375
0 0.73125 0.821875 0.125 0.065625
0 0.58671875 0.5140625 0.1546875 0.121875
0 0.7 0.97265625 0.103125 0.0546875
0 0.58359375 0.80546875 0.096875 0.0578125
0 0.871875 0.45703125 0.0484375 0.034375