0 0.5796875 0.12890625 0.2984375 0.1765625
0 0.22265625 0.11328125 0.3578125 0.21875
0 0.49375 0.33671875 0.459375 0.3125
0 0.665625 0.3703125 0.3328125 0.253125
0 0.90234375 0.21171875 0.1875 0.2
0 0.71875 0.728125 0.3796875 0.271875
0 0.7046875 0.56484375 0.2703125 0.228125
0 0.31953125 0.584375 0.3390625 0.3109375
0 0.43046875 0.8703125 0.25 0.2046875
0 0.3640625 0.72109375 0.271875 0.2046875
0 0.8328125 0.9359375 0.3125 0.1203125
0 0.93515625 0.8265625 0.1234375 0.1828125
0 0.87734375 0.4375 0.240625 0.2671875
0 0.2953125 0.93515625 0.30625 0.125