0 0.3640625 0.09296875 0.2984375 0.1765625
0 0.09296875 0.09296875 0.1859375 0.1859375
0 0.278125 0.30078125 0.459375 0.3125
0 0.43125 0.33359375 0.296875 0.2515625
0 0.46640625 0.521875 0.2265625 0.215625
0 0.13671875 0.5109375 0.2734375 0.2375
0 0.1484375 0.60625 0.271875 0.046875
0 0.71015625 0.31484375 0.2609375 0.6296875
0 0.49453125 0.72890625 0.11875 0.0796875
0 0.34296875 0.65625 0.1109375 0.053125
0 0.09140625 0.8578125 0.0546875 0.034375
0 0.14453125 0.82734375 0.0546875 0.0421875
0 0.18984375 0.86953125 0.040625 0.0296875
0 0.22265625 0.84453125 0.0359375 0.053125
0 0.80859375 0.6765625 0.1515625 0.059375