0 0.2609375 0.02109375 0.134375 0.0421875
0 0.35546875 0.09921875 0.1421875 0.1984375
0 0.48359375 0.0359375 0.1515625 0.071875
0 0.53046875 0.13125 0.1171875 0.228125
0 0.5453125 0.378125 0.0875 0.31875
0 0.35625 0.34609375 0.18125 0.2890625
0 0.209375 0.23828125 0.14375 0.3421875
0 0.0640625 0.15078125 0.128125 0.1765625
0 0.71953125 0.24296875 0.2609375 0.2390625
0 0.7203125 0.440625 0.184375 0.184375
0 0.8828125 0.49453125 0.234375 0.2296875
0 0.9453125 0.11875 0.109375 0.23125
0 0.95078125 0.29765625 0.0984375 0.1171875
0 0.809375 0.0640625 0.309375 0.128125
0 0.6359375 0.05703125 0.09375 0.1140625
0 0.71484375 0.54296875 0.2515625 0.1328125
0 0.9703125 0.496875 0.059375 0.225
0 0.11328125 0.7765625 0.0359375 0.0375
0 0.0671875 0.8078125 0.0359375 0.034375
0 0.5421875 0.64375 0.09375 0.06875
0 0.40546875 0.62421875 0.0421875 0.0296875
0 0.30078125 0.67421875 0.0359375 0.034375
0 0.1796875 0.678125 0.040625 0.034375
0 0.2734375 0.98359375 0.034375 0.0328125
0 0.53984375 0.97734375 0.0265625 0.021875
0 0.2203125 0.84140625 0.034375 0.034375
0 0.015625 0.65234375 0.0140625 0.0140625
0 0.01796875 0.72578125 0.03125 0.0265625
0 0.00703125 0.7921875 0.0140625 0.028125
0 0.2296875 0.9796875 0.0359375 0.0296875
0 0.309375 0.96015625 0.0265625 0.021875
0 0.5328125 0.8140625 0.0265625 0.028125
0 0.41953125 0.91796875 0.0296875 0.0203125
0 0.340625 0.9578125 0.0234375 0.0171875
0 0.1109375 0.69921875 0.090625 0.0265625
0 0.78359375 0.8046875 0.3890625 0.390625