0 0.18203125 0.0515625 0.2140625 0.103125
0 0.33828125 0.053125 0.1234375 0.10625
0 0.38359375 0.14765625 0.0328125 0.2296875
0 0.29140625 0.26015625 0.1453125 0.2578125
0 0.11171875 0.215625 0.2 0.1765625
0 0.8890625 0.28515625 0.0625 0.0765625
0 0.69765625 0.25546875 0.2859375 0.2671875
0 0.5640625 0.1046875 0.075 0.0671875
0 0.4625 0.221875 0.046875 0.053125
0 0.97578125 0.3828125 0.0484375 0.0125
0 0.4671875 0.01875 0.0203125 0.025
0 0.74453125 0.1109375 0.096875 0.0359375
0 0.321875 0.92734375 0.15625 0.1203125
0 0.225 0.71015625 0.128125 0.0546875
0 0.2734375 0.41484375 0.065625 0.0515625
0 0.371875 0.5109375 0.04375 0.05
0 0.32578125 0.54921875 0.0328125 0.04375
0 0.021875 0.9296875 0.04375 0.0375
0 0.6953125 0.5046875 0.215625 0.23125
0 0.559375 0.546875 0.19375 0.315625
0 0.51953125 0.8453125 0.2390625 0.309375
0 0.77109375 0.79921875 0.3640625 0.4015625
0 0.7421875 0.5875 0.2125 0.253125