0 0.3125 0.2375 0.36875 0.475
0 0.79375 0.38046875 0.2546875 0.30625
0 0.58828125 0.371875 0.1765625 0.3125
0 0.6703125 0.14296875 0.334375 0.2859375
0 0.86875 0.2125 0.2625 0.378125
0 0.46640625 0.91875 0.0671875 0.1625
0 0.39453125 0.8765625 0.1328125 0.246875
0 0.096875 0.90625 0.16875 0.1765625
0 0.24296875 0.88671875 0.1734375 0.2265625
0 0.1625 0.77734375 0.128125 0.1078125
0 0.20234375 0.65078125 0.1515625 0.1234375
0 0.06796875 0.734375 0.1359375 0.2875
0 0.46484375 0.76796875 0.0703125 0.2546875
0 0.3125 0.74140625 0.1859375 0.2953125
0 0.415625 0.6359375 0.15625 0.09375
0 0.9078125 0.990625 0.15625 0.01875
0 0.6734375 0.94296875 0.184375 0.1140625
0 0.55234375 0.8859375 0.1046875 0.153125
0 0.75 0.79375 0.5 0.409375