0 0.2203125 0.253125 0.440625 0.50625
0 0.9609375 0.090625 0.078125 0.18125
0 0.72890625 0.08671875 0.4203125 0.1734375
0 0.759375 0.18359375 0.48125 0.3015625
0 0.178125 0.80625 0.35625 0.3875
0 0.0453125 0.69609375 0.090625 0.3171875
0 0.28515625 0.76484375 0.4671875 0.4703125
0 0.803125 0.715625 0.08125 0.059375
0 0.81875 0.95390625 0.178125 0.0921875
0 0.609375 0.94296875 0.0671875 0.053125
0 0.5609375 0.74375 0.084375 0.15625
0 0.671875 0.7796875 0.096875 0.075
0 0.696875 0.93046875 0.09375 0.0609375
0 0.77734375 0.9015625 0.0796875 0.0609375
0 0.88359375 0.8203125 0.096875 0.040625
0 0.7859375 0.8578125 0.0796875 0.0359375
0 0.896875 0.74921875 0.0390625 0.021875