0 0.02890625 0.21484375 0.0578125 0.4296875
0 0.1875 0.21640625 0.228125 0.4265625
0 0.44375 0.22734375 0.2875 0.4046875
0 0.60390625 0.2765625 0.0921875 0.30625
0 0.75390625 0.21484375 0.2078125 0.4296875
0 0.9421875 0.21484375 0.115625 0.4296875
0 0.0875 0.746875 0.175 0.4
0 0.15625 0.8703125 0.3125 0.259375
0 0.3953125 0.72578125 0.509375 0.5484375
0 0.15078125 0.53984375 0.3015625 0.2203125
0 0.70234375 0.91953125 0.1046875 0.1078125
0 0.8546875 0.85625 0.2421875 0.2171875
0 0.7375 0.71953125 0.175 0.1453125
0 0.93046875 0.63671875 0.1390625 0.1796875
0 0.7453125 0.46484375 0.190625 0.0609375
0 0.971875 0.54296875 0.0453125 0.034375