0 0.0921875 0.4625 0.184375 0.2125
0 0.13828125 0.11015625 0.2765625 0.2203125
0 0.28828125 0.4140625 0.3234375 0.309375
0 0.53125 0.2703125 0.1625 0.30625
0 0.72421875 0.2640625 0.1390625 0.33125
0 0.8859375 0.2875 0.15 0.3390625
0 0.95390625 0.5125 0.0921875 0.1125
0 0.82734375 0.52890625 0.1453125 0.0796875
0 0.52421875 0.515625 0.1484375 0.10625
0 0.19453125 0.8546875 0.38125 0.240625
0 0.39765625 0.696875 0.1046875 0.21875
0 0.3390625 0.653125 0.221875 0.16875
0 0.19921875 0.6765625 0.3984375 0.215625
0 0.77265625 0.753125 0.1921875 0.2
0 0.7203125 0.94296875 0.0578125 0.0703125
0 0.63125 0.8109375 0.046875 0.046875
0 0.84921875 0.9921875 0.0390625 0.015625
0 0.95078125 0.6546875 0.034375 0.0359375
0 0.88828125 0.715625 0.0515625 0.034375
0 0.6515625 0.79609375 0.04375 0.0484375
0 0.90625 0.6484375 0.0359375 0.0296875
0 0.9859375 0.62890625 0.0265625 0.021875
0 0.8546875 0.940625 0.025 0.0296875
0 0.98984375 0.95390625 0.0203125 0.0265625
0 0.6125 0.98515625 0.0375 0.0296875
0 0.93984375 0.715625 0.021875 0.028125