0 0.2625 0.47109375 0.39375 0.2578125
0 0.1453125 0.28984375 0.290625 0.1796875
0 0.16171875 0.08515625 0.2171875 0.1703125
0 0.30546875 0.103125 0.3078125 0.20625
0 0.85859375 0.29609375 0.2828125 0.4859375
0 0.7375 0.490625 0.525 0.21875
0 0.0328125 0.80390625 0.0625 0.1453125
0 0.05390625 0.64609375 0.0453125 0.0921875
0 0.11328125 0.8890625 0.040625 0.0671875
0 0.178125 0.771875 0.028125 0.0890625
0 0.09765625 0.728125 0.0203125 0.0484375
0 0.253125 0.98203125 0.03125 0.0359375
0 0.3578125 0.9921875 0.075 0.015625
0 0.3765625 0.7859375 0.0984375 0.178125
0 0.43828125 0.75078125 0.0421875 0.1390625
0 0.44609375 0.94375 0.0265625 0.10625
0 0.2375 0.7359375 0.040625 0.0515625
0 0.20703125 0.71640625 0.0265625 0.053125
0 0.0109375 0.64921875 0.021875 0.0578125
0 0.4921875 0.6953125 0.065625 0.190625
0 0.57578125 0.72890625 0.1484375 0.2578125
0 0.621875 0.925 0.065625 0.115625
0 0.5421875 0.890625 0.165625 0.21875
0 0.7375 0.96015625 0.221875 0.0796875
0 0.90859375 0.96640625 0.1515625 0.0671875
0 0.95 0.78125 0.1 0.3625
0 0.846875 0.81796875 0.1109375 0.3390625
0 0.70859375 0.8203125 0.16875 0.209375
0 0.74375 0.65390625 0.1875 0.1078125
0 0.909375 0.6515625 0.115625 0.103125