0 0.309375 0.29453125 0.61875 0.5890625
0 0.265625 0.3546875 0.53125 0.46875
0 0.11875 0.46015625 0.2375 0.2578125
0 0.684375 0.14609375 0.13125 0.2921875
0 0.7359375 0.29921875 0.234375 0.2484375
0 0.74609375 0.421875 0.2546875 0.334375
0 0.96875 0.115625 0.0625 0.23125
0 0.890625 0.284375 0.2 0.4578125
0 0.9546875 0.37578125 0.090625 0.2859375
0 0.38046875 0.90234375 0.2765625 0.1953125
0 0.1765625 0.75078125 0.2875 0.3234375
0 0.18984375 0.9265625 0.1890625 0.146875
0 0.37890625 0.7546875 0.2390625 0.3109375
0 0.5171875 0.890625 0.203125 0.21875
0 0.9765625 0.653125 0.046875 0.128125
0 0.909375 0.65234375 0.0890625 0.1234375
0 0.95546875 0.75234375 0.0890625 0.1296875
0 0.7390625 0.9296875 0.1 0.140625
0 0.75625 0.74140625 0.275 0.2953125
0 0.86484375 0.9296875 0.1453125 0.140625
0 0.95703125 0.890625 0.0859375 0.10625
0 0.66171875 0.9234375 0.0859375 0.153125