0 0.31328125 0.3328125 0.5109375 0.665625
0 0.30703125 0.41484375 0.5234375 0.5078125
0 0.19921875 0.5203125 0.3984375 0.296875
0 0.72578125 0.51953125 0.3140625 0.2359375
0 0.7609375 0.2703125 0.034375 0.028125
0 0.85390625 0.66484375 0.0265625 0.0078125
0 0.2484375 0.77265625 0.440625 0.165625
0 0.0984375 0.85703125 0.103125 0.071875
0 0.203125 0.9078125 0.103125 0.10625
0 0.35 0.9765625 0.259375 0.046875
0 0.50625 0.75625 0.125 0.175
0 0.26875 0.68671875 0.2875 0.0359375
0 0.11796875 0.9421875 0.2359375 0.115625
0 0.62890625 0.77265625 0.1203125 0.2015625
0 0.9828125 0.94921875 0.034375 0.0296875
0 0.90390625 0.79140625 0.065625 0.0453125
0 0.7078125 0.92421875 0.0703125 0.0453125