0 0.24140625 0.18984375 0.3765625 0.3796875
0 0.5234375 0.0515625 0.1875 0.103125
0 0.746875 0.065625 0.228125 0.13125
0 0.175 0.45546875 0.35 0.1515625
0 0.290625 0.6734375 0.278125 0.2875
0 0.1609375 0.8234375 0.321875 0.353125
0 0.496875 0.4828125 0.134375 0.178125
0 0.66796875 0.40703125 0.1984375 0.0546875
0 0.5640625 0.58984375 0.18125 0.1734375
0 0.52109375 0.890625 0.1828125 0.21875
0 0.56796875 0.98359375 0.2765625 0.0328125
0 0.85546875 0.8796875 0.165625 0.2359375
0 0.73671875 0.9359375 0.2078125 0.128125
0 0.96640625 0.5 0.0671875 0.146875
0 0.8015625 0.58828125 0.33125 0.2859375
0 0.73359375 0.7 0.271875 0.2265625