0 0.225 0.228125 0.146875 0.1515625
0 0.125 0.209375 0.0765625 0.0765625
0 0.23203125 0.109375 0.2046875 0.1875
0 0.72109375 0.16796875 0.1328125 0.146875
0 0.7203125 0.22109375 0.0828125 0.1078125
0 0.78515625 0.23671875 0.0390625 0.0703125
0 0.8484375 0.2484375 0.0765625 0.1109375
0 0.85 0.28828125 0.0484375 0.065625
0 0.9375 0.2359375 0.1203125 0.15
0 0.928125 0.375 0.0984375 0.0921875
0 0.9703125 0.3390625 0.0578125 0.1015625
0 0.9515625 0.53125 0.0921875 0.2671875
0 0.8765625 0.68359375 0.0921875 0.1390625
0 0.953125 0.74609375 0.0890625 0.1859375
0 0.8796875 0.83046875 0.134375 0.1875
0 0.93515625 0.91953125 0.125 0.15625
0 0.9421875 0.978125 0.1140625 0.0390625
0 0.19921875 0.7859375 0.1203125 0.15625
0 0.31015625 0.83046875 0.084375 0.075
0 0.4484375 0.89921875 0.1375 0.1703125
0 0.540625 0.87109375 0.0703125 0.11875
0 0.775 0.79453125 0.0984375 0.1515625
0 0.71171875 0.8109375 0.0625 0.10625
0 0.6140625 0.80625 0.1609375 0.1953125
0 0.16328125 0.8921875 0.0625 0.0703125
0 0.32578125 0.7796875 0.0859375 0.065625
0 0.375 0.82421875 0.0578125 0.10625
0 0.478125 0.7953125 0.1375 0.1234375
0 0.12734375 0.95703125 0.1203125 0.0796875
0 0.72734375 0.96640625 0.125 0.0609375
0 0.53828125 0.959375 0.1921875 0.075
0 0.4984375 0.44375 0.8734375 0.6578125
0 0.71640625 0.88828125 0.125 0.0984375
0 0.3171875 0.9265625 0.1640625 0.1390625