0 0.0234375 0.14140625 0.046875 0.1515625
0 0.04140625 0.05859375 0.0828125 0.1171875
0 0.209375 0.2234375 0.41875 0.390625
0 0.709375 0.2546875 0.58125 0.328125
0 0.209375 0.65625 0.41875 0.428125
0 0.0140625 0.503125 0.028125 0.03125
0 0.3578125 0.98359375 0.071875 0.0328125
0 0.6921875 0.56015625 0.134375 0.1421875
0 0.96171875 0.6625 0.0765625 0.0625
0 0.771875 0.5109375 0.03125 0.01875
0 0.85859375 0.5046875 0.03125 0.021875
0 0.8078125 0.56875 0.025 0.028125
0 0.6609375 0.42890625 0.028125 0.0203125
0 0.646875 0.475 0.0359375 0.01875
0 0.95078125 0.63359375 0.05625 0.0484375
0 0.9703125 0.88828125 0.053125 0.0390625
0 0.63515625 0.921875 0.0328125 0.01875
0 0.43984375 0.85234375 0.0359375 0.0203125
0 0.44609375 0.9265625 0.03125 0.021875
0 0.540625 0.996875 0.025 0.00625
0 0.5125 0.9953125 0.03125 0.009375
0 0.78984375 0.9796875 0.021875 0.025
0 0.81484375 0.8234375 0.021875 0.01875
0 0.640625 0.8609375 0.025 0.01875
0 0.4859375 0.62265625 0.025 0.0109375
0 0.528125 0.64296875 0.0171875 0.021875
0 0.50859375 0.64453125 0.0171875 0.0171875
0 0.484375 0.67109375 0.01875 0.0265625