0 0.16875 0.16953125 0.3375 0.3390625
0 0.19140625 0.053125 0.3171875 0.10625
0 0.25859375 0.275 0.1828125 0.128125
0 0.67890625 0.01796875 0.0828125 0.0359375
0 0.98828125 0.0609375 0.0234375 0.103125
0 0.9328125 0.2546875 0.028125 0.040625
0 0.9015625 0.234375 0.065625 0.0609375
0 0.6953125 0.2609375 0.178125 0.1234375
0 0.53828125 0.328125 0.0609375 0.021875
0 0.4859375 0.23359375 0.0671875 0.053125
0 0.41484375 0.05625 0.1296875 0.1125
0 0.3734375 0.153125 0.046875 0.021875
0 0.5484375 0.0703125 0.096875 0.075
0 0.5734375 0.22109375 0.09375 0.0609375
0 0.65390625 0.1921875 0.0796875 0.0609375
0 0.9671875 0.028125 0.065625 0.05625
0 0.76015625 0.1109375 0.096875 0.040625
0 0.37109375 0.33515625 0.0328125 0.0078125
0 0.93046875 0.13125 0.0203125 0.021875
0 0.98359375 0.19296875 0.0328125 0.0203125
0 0.6625 0.1484375 0.0796875 0.0359375
0 0.7734375 0.03984375 0.0390625 0.021875
0 0.24296875 0.63984375 0.2140625 0.2796875
0 0.1453125 0.4828125 0.075 0.0671875
0 0.04375 0.6 0.046875 0.053125
0 0.03046875 0.35078125 0.0609375 0.0234375
0 0.0484375 0.396875 0.0203125 0.025
0 0.31328125 0.48828125 0.0734375 0.0359375
0 0.403125 0.4984375 0.034375 0.0203125
0 0.48046875 0.4921875 0.03125 0.0171875
0 0.46796875 0.6390625 0.0671875 0.025
0 0.7578125 0.69765625 0.1734375 0.1640625
0 0.83515625 0.65703125 0.0359375 0.0234375
0 0.73125 0.50859375 0.028125 0.021875
0 0.76171875 0.45390625 0.021875 0.0140625
0 0.7859375 0.5140625 0.0234375 0.0171875
0 0.59453125 0.3984375 0.0390625 0.0125
0 0.6109375 0.52109375 0.028125 0.0203125
0 0.6390625 0.67109375 0.0484375 0.028125
0 0.73125 0.89609375 0.0265625 0.0171875
0 0.80625 0.8625 0.03125 0.0171875
0 0.3625 0.853125 0.025 0.028125
0 0.7625 0.59296875 0.09375 0.03125
0 0.54375 0.44765625 0.0203125 0.0171875
0 0.6609375 0.459375 0.0171875 0.0171875
0 0.39765625 0.9640625 0.0359375 0.025
0 0.49140625 0.9953125 0.0484375 0.009375
0 0.35546875 0.95234375 0.0109375 0.0265625