0 0.05859375 0.34453125 0.1171875 0.6890625
0 0.16953125 0.2296875 0.3390625 0.459375
0 0.12265625 0.6265625 0.2453125 0.125
0 0.78359375 0.2015625 0.0359375 0.0375
0 0.7375 0.2328125 0.0359375 0.034375
0 0.58046875 0.2859375 0.0640625 0.115625
0 0.77265625 0.509375 0.1796875 0.2
0 0.71328125 0.6765625 0.0578125 0.025
0 0.97109375 0.09921875 0.0359375 0.034375
0 0.85 0.103125 0.040625 0.034375
0 0.94453125 0.4109375 0.034375 0.0359375
0 0.88203125 0.471875 0.0515625 0.034375
0 0.63671875 0.27265625 0.053125 0.0453125
0 0.890625 0.26640625 0.034375 0.034375
0 0.53359375 0.2 0.0359375 0.04375
0 0.428125 0.12578125 0.034375 0.0296875
0 0.55625 0.096875 0.0265625 0.0171875
0 0.61015625 0.03828125 0.0234375 0.021875
0 0.6859375 0.07734375 0.0140625 0.0140625
0 0.68828125 0.15078125 0.03125 0.0265625
0 0.66953125 0.21796875 0.03125 0.0296875
0 0.64140625 0.18359375 0.028125 0.0265625
0 0.9 0.4046875 0.0359375 0.0296875
0 0.9796875 0.38515625 0.0265625 0.021875
0 0.46875 0.28671875 0.0265625 0.0234375
0 0.415625 0.1578125 0.0296875 0.021875
0 0.34453125 0.08671875 0.0109375 0.0296875
0 0.4578125 0.0796875 0.025 0.0265625
0 0.43125 0.59296875 0.0296875 0.0234375
0 0.85390625 0.00390625 0.0234375 0.0078125
0 0.56328125 0.14765625 0.021875 0.025
0 0.99296875 0.0203125 0.0140625 0.021875
0 0.56796875 0.003125 0.0171875 0.00625
0 0.84765625 0.68515625 0.0234375 0.0078125
0 0.93359375 0.471875 0.021875 0.0296875
0 0.78125 0.12421875 0.0921875 0.0265625
0 0.58984375 0.134375 0.0265625 0.021875
0 0.3734375 0.20390625 0.0296875 0.025
0 0.321875 0.76015625 0.034375 0.0359375
0 0.03671875 0.99609375 0.0515625 0.0078125
0 0.48046875 0.77578125 0.2421875 0.1734375
0 0.77421875 0.8421875 0.3828125 0.240625
0 0.75703125 0.73046875 0.4421875 0.0828125