0 0.23828125 0.059375 0.3421875 0.11875
0 0.40390625 0.0984375 0.0515625 0.196875
0 0.325 0.37421875 0.209375 0.4296875
0 0.1140625 0.43359375 0.228125 0.3328125
0 0.95234375 0.4890625 0.0953125 0.221875
0 0.9546875 0.18515625 0.090625 0.2671875
0 0.765625 0.1859375 0.20625 0.26875
0 0.76015625 0.4875 0.2015625 0.225
0 0.525 0.18828125 0.190625 0.2765625
0 0.52421875 0.48671875 0.1890625 0.2265625
0 0.2203125 0.8296875 0.41875 0.340625
0 0.478125 0.83984375 0.096875 0.3203125
0 0.7546875 0.8 0.3125 0.4