0 0.11796875 0.11484375 0.2359375 0.2296875
0 0.03984375 0.31875 0.0796875 0.246875
0 0.14765625 0.559375 0.1921875 0.1
0 0.11640625 0.4078125 0.2328125 0.4
0 0.2796875 0.4421875 0.146875 0.3328125
0 0.30546875 0.0953125 0.1859375 0.190625
0 0.40234375 0.3078125 0.1734375 0.271875
0 0.43515625 0.48125 0.1078125 0.25625
0 0.38671875 0.1328125 0.2046875 0.265625
0 0.74453125 0.27109375 0.5109375 0.5421875
0 0.29609375 0.8359375 0.353125 0.2375
0 0.34140625 0.96953125 0.1859375 0.0609375
0 0.3828125 0.66484375 0.2125 0.1109375
0 0.18359375 0.6578125 0.2421875 0.096875
0 0.1390625 0.96328125 0.209375 0.0734375
0 0.67734375 0.8203125 0.2296875 0.159375
0 0.93671875 0.8046875 0.0359375 0.034375
0 0.91796875 0.76640625 0.0296875 0.0265625
0 0.95 0.74140625 0.0390625 0.028125
0 0.72890625 0.61640625 0.0265625 0.0140625