0 0.271875 0.3234375 0.3421875 0.35625
0 0.296875 0.13828125 0.190625 0.2078125
0 0.578125 0.22109375 0.2796875 0.290625
0 0.48671875 0.45546875 0.15 0.246875
0 0.3640625 0.75625 0.221875 0.43125
0 0.13359375 0.8234375 0.2578125 0.3484375
0 0.6296875 0.82109375 0.1921875 0.3515625
0 0.5875 0.54453125 0.2546875 0.3984375
0 0.7609375 0.578125 0.146875 0.3328125
0 0.7875 0.1890625 0.1859375 0.2765625
0 0.8921875 0.44375 0.190625 0.271875
0 0.93046875 0.6453125 0.134375 0.3109375
0 0.8296875 0.85546875 0.2046875 0.28125
0 0.87890625 0.2671875 0.2265625 0.2703125