0 0.134375 0.34609375 0.26875 0.3859375
0 0.44765625 0.44609375 0.2015625 0.1859375
0 0.38984375 0.3484375 0.2109375 0.19375
0 0.38125 0.1703125 0.2015625 0.1703125
0 0.521875 0.2546875 0.221875 0.28125
0 0.6390625 0.2609375 0.1 0.2
0 0.615625 0.4328125 0.146875 0.2125
0 0.753125 0.10703125 0.034375 0.0203125
0 0.8296875 0.10078125 0.03125 0.0171875
0 0.81796875 0.24921875 0.0671875 0.0234375
0 0.94375 0.00703125 0.0390625 0.0125
0 0.9609375 0.1296875 0.0296875 0.0203125
0 0.98203125 0.2796875 0.0359375 0.028125
0 0.709375 0.4640625 0.028125 0.0296875
0 0.89375 0.05625 0.0203125 0.0203125
0 0.6453125 0.67578125 0.0625 0.065625
0 0.56953125 0.60859375 0.0671875 0.0453125
0 0.3625 0.553125 0.059375 0.028125
0 0.3375 0.60859375 0.05625 0.0453125
0 0.38828125 0.67578125 0.0515625 0.0296875
0 0.06875 0.81484375 0.03125 0.040625
0 0.25703125 0.865625 0.071875 0.040625
0 0.34765625 0.81484375 0.071875 0.04375
0 0.58125 0.95703125 0.18125 0.0859375
0 0.54921875 0.6890625 0.0390625 0.0453125
0 0.1765625 0.72265625 0.0484375 0.0265625
0 0.675 0.9265625 0.028125 0.040625
0 0.5640625 0.8484375 0.04375 0.0171875
0 0.6421875 0.79921875 0.021875 0.0203125
0 0.43984375 0.73359375 0.0359375 0.028125
0 0.77734375 0.63046875 0.1765625 0.1828125
0 0.7171875 0.8125 0.05625 0.06875
0 0.846875 0.87421875 0.0390625 0.0390625
0 0.88515625 0.5859375 0.0515625 0.034375
0 0.8515625 0.8109375 0.025 0.0296875
0 0.98828125 0.82421875 0.0234375 0.0265625
0 0.93671875 0.5859375 0.021875 0.0296875