0 0.19375 0.19609375 0.271875 0.3921875
0 0.24453125 0.46953125 0.4890625 0.2390625
0 0.48828125 0.34296875 0.1609375 0.2953125
0 0.45078125 0.190625 0.2109375 0.1921875
0 0.44140625 0.0484375 0.2015625 0.096875
0 0.5203125 0.11875 0.096875 0.2375
0 0.940625 0.29609375 0.11875 0.3015625
0 0.75546875 0.275 0.2953125 0.40625
0 0.71640625 0.21875 0.2953125 0.4375
0 0.38359375 0.8421875 0.3703125 0.315625
0 0.0609375 0.81015625 0.121875 0.3796875
0 0.97265625 0.8015625 0.0546875 0.06875
0 0.85390625 0.98515625 0.0484375 0.0296875
0 0.6921875 0.69609375 0.028125 0.0234375
0 0.8703125 0.92265625 0.025 0.021875
0 0.7953125 0.95234375 0.040625 0.0203125
0 0.584375 0.79140625 0.028125 0.025
0 0.93515625 0.9546875 0.0296875 0.021875