0 0.2515625 0.36640625 0.440625 0.165625
0 0.1015625 0.446875 0.103125 0.065625
0 0.20625 0.4640625 0.103125 0.03125
0 0.421875 0.1125 0.19375 0.10625
0 0.3828125 0.20703125 0.14375 0.071875
0 0.27265625 0.2546875 0.2890625 0.0890625
0 0.15625 0.10078125 0.3125 0.2015625
0 0.92421875 0.05546875 0.1484375 0.1109375
0 0.9703125 0.08359375 0.059375 0.1390625
0 0.96953125 0.17890625 0.0609375 0.1546875
0 0.67890625 0.23203125 0.1015625 0.15625
0 0.68828125 0.09140625 0.2890625 0.1828125
0 0.8046875 0.24453125 0.14375 0.1796875
0 0.89765625 0.18515625 0.0859375 0.1046875
0 0.9140625 0.334375 0.125 0.159375
0 0.90546875 0.43359375 0.1421875 0.0921875
0 0.7859375 0.39453125 0.125 0.1703125
0 0.68671875 0.41171875 0.0890625 0.1359375
0 0.58125 0.26015625 0.125 0.2390625
0 0.575 0.43671875 0.1125 0.0859375
0 0.1859375 0.73984375 0.371875 0.5203125
0 0.29296875 0.67734375 0.4515625 0.3953125
0 0.71328125 0.4875 0.0703125 0.015625
0 0.63671875 0.58828125 0.0609375 0.071875
0 0.59609375 0.72109375 0.0625 0.0484375
0 0.646875 0.82421875 0.034375 0.025
0 0.93359375 0.74453125 0.0609375 0.0390625
0 0.85703125 0.603125 0.0328125 0.028125
0 0.76328125 0.65234375 0.03125 0.021875
0 0.8765625 0.97421875 0.23125 0.0515625
0 0.63203125 0.5546875 0.0390625 0.0265625
0 0.74765625 0.759375 0.03125 0.021875
0 0.92890625 0.8203125 0.0265625 0.025