0 0.4046875 0.41328125 0.4390625 0.165625
0 0.2546875 0.49765625 0.103125 0.071875
0 0.359375 0.5484375 0.103125 0.10625
0 0.50703125 0.63671875 0.259375 0.084375
0 0.6890625 0.6703125 0.103125 0.059375
0 0.8140625 0.61328125 0.2265625 0.0875
0 0.8375 0.52265625 0.1828125 0.084375
0 0.96640625 0.54453125 0.065625 0.071875
0 0.9703125 0.63203125 0.0578125 0.0703125
0 0.8578125 0.7328125 0.2796875 0.146875
0 0.79921875 0.35078125 0.396875 0.2703125
0 0.88203125 0.1359375 0.2109375 0.18125
0 0.62265625 0.16015625 0.2890625 0.10625
0 0.5359375 0.25390625 0.1453125 0.071875
0 0.42578125 0.3015625 0.2890625 0.0890625
0 0.2515625 0.146875 0.428125 0.2046875
0 0.22734375 0.63828125 0.3328125 0.2265625
0 0.5578125 0.7234375 0.3265625 0.0984375
0 0.4265625 0.8125 0.3875 0.1328125
0 0.2296875 0.821875 0.071875 0.0625
0 0.3171875 0.9109375 0.196875 0.0890625
0 0.68515625 0.93046875 0.5359375 0.134375
0 0.75 0.83046875 0.29375 0.1296875
0 0.9484375 0.86640625 0.0984375 0.1484375
0 0.115625 0.8640625 0.221875 0.1640625
0 0.2390625 0.96171875 0.1296875 0.0484375