0 0.325 0.25390625 0.440625 0.165625
0 0.175 0.33828125 0.103125 0.071875
0 0.2796875 0.3890625 0.103125 0.10625
0 0.42734375 0.47734375 0.259375 0.084375
0 0.609375 0.5109375 0.103125 0.059375
0 0.675 0.453125 0.109375 0.0875
0 0.69765625 0.3625 0.0640625 0.084375
0 0.68359375 0.5546875 0.0921875 0.109375
0 0.625 0.190625 0.209375 0.26875
0 0.5421875 0.0265625 0.2875 0.053125
0 0.45625 0.09453125 0.1453125 0.071875
0 0.34609375 0.1421875 0.2890625 0.090625
0 0.19296875 0.04453125 0.3859375 0.0890625
0 0.15625 0.478125 0.3125 0.225
0 0.47734375 0.56171875 0.3265625 0.0953125
0 0.8796875 0.1046875 0.146875 0.1515625
0 0.7796875 0.0859375 0.0765625 0.0765625
0 0.88671875 0.03984375 0.2046875 0.0796875
0 0.86484375 0.3046875 0.2703125 0.609375
0 0.46640625 0.71875 0.2984375 0.21875
0 0.403125 0.88203125 0.309375 0.2359375
0 0.65625 0.9328125 0.146875 0.134375
0 0.69375 0.73828125 0.071875 0.2109375
0 0.08828125 0.94765625 0.1703125 0.1046875
0 0.11640625 0.84375 0.18125 0.115625
0 0.92578125 0.7421875 0.1484375 0.265625
0 0.87265625 0.7359375 0.103125 0.190625
0 0.890625 0.921875 0.21875 0.15625
0 0.75703125 0.68046875 0.0546875 0.1421875
0 0.82578125 0.63671875 0.1421875 0.0546875