0 0.18984375 0.20078125 0.3796875 0.4015625
0 0.0828125 0.38125 0.165625 0.2875
0 0.16171875 0.5375 0.3234375 0.103125
0 0.31796875 0.40859375 0.1234375 0.3609375
0 0.74453125 0.2984375 0.084375 0.1640625
0 0.971875 0.34453125 0.053125 0.075
0 0.45546875 0.446875 0.1515625 0.259375
0 0.62578125 0.30078125 0.0640625 0.146875
0 0.75625 0.05234375 0.06875 0.103125
0 0.85546875 0.075 0.0703125 0.121875
0 0.38984375 0.009375 0.0203125 0.01875
0 0.978125 0.0546875 0.04375 0.109375
0 0.978125 0.21015625 0.04375 0.1453125
0 0.78203125 0.4875 0.0265625 0.0609375
0 0.865625 0.23125 0.0265625 0.053125
0 0.48515625 0.26953125 0.034375 0.0484375
0 0.8421875 0.4046875 0.0609375 0.096875
0 0.76953125 0.19140625 0.0484375 0.0609375
0 0.65703125 0.50078125 0.0234375 0.0390625
0 0.39453125 0.56328125 0.0296875 0.0515625
0 0.6015625 0.1703125 0.0203125 0.0515625
0 0.55 0.1796875 0.0359375 0.03125
0 0.9765625 0.51640625 0.0171875 0.021875
0 0.978125 0.46328125 0.0171875 0.0171875
0 0.6578125 0.5640625 0.0203125 0.0390625
0 0.590625 0.3828125 0.034375 0.03125
0 0.63046875 0.0453125 0.025 0.0265625
0 0.7890625 0.54609375 0.0296875 0.0265625
0 0.69921875 0.4203125 0.0203125 0.025
0 0.6109375 0.5546875 0.0203125 0.025
0 0.94765625 0.3359375 0.0203125 0.0265625
0 0.846875 0.0234375 0.021875 0.046875
0 0.19375 0.6921875 0.0625 0.059375
0 0.09765625 0.70390625 0.0484375 0.0390625
0 0.12734375 0.96328125 0.1859375 0.0734375
0 0.25390625 0.94296875 0.0890625 0.04375
0 0.1171875 0.62109375 0.065625 0.0453125
0 0.1125 0.8625 0.0484375 0.0171875
0 0.2984375 0.81484375 0.0234375 0.03125
0 0.26640625 0.846875 0.040625 0.021875
0 0.62109375 0.8765625 0.4828125 0.246875
0 0.4859375 0.70078125 0.2125 0.1796875
0 0.90234375 0.828125 0.1953125 0.34375