0 0.12265625 0.12265625 0.2453125 0.2453125
0 0.26328125 0.3109375 0.4921875 0.45625
0 0.146875 0.47890625 0.29375 0.1203125
0 0.375 0.09140625 0.26875 0.1703125
0 0.57578125 0.31328125 0.1328125 0.1421875
0 0.853125 0.415625 0.0921875 0.0625
0 0.6546875 0.2640625 0.03125 0.01875
0 0.74140625 0.2578125 0.03125 0.021875
0 0.690625 0.321875 0.025 0.028125
0 0.54375 0.18203125 0.028125 0.0203125
0 0.5296875 0.228125 0.0359375 0.0203125
0 0.98828125 0.39765625 0.0234375 0.0234375
0 0.83359375 0.38671875 0.05625 0.0484375
0 0.2546875 0.76953125 0.509375 0.4609375
0 0.37265625 0.83046875 0.1328125 0.303125
0 0.9734375 0.68203125 0.053125 0.2671875
0 0.803125 0.6828125 0.20625 0.26875
0 0.79765625 0.9359375 0.2015625 0.128125
0 0.58359375 0.68515625 0.1484375 0.2765625
0 0.5828125 0.93515625 0.146875 0.1296875