0 0.56640625 0.38671875 0.190625 0.1328125
0 0.64765625 0.46875 0.1015625 0.0828125
0 0.6984375 0.59375 0.128125 0.1140625
0 0.85 0.60546875 0.1546875 0.128125
0 0.93125 0.671875 0.128125 0.1765625
0 0.8015625 0.7125 0.2171875 0.18125
0 0.88125 0.86796875 0.2265625 0.190625
0 0.88125 0.96484375 0.1453125 0.0625
0 0.59765625 0.853125 0.30625 0.18125
0 0.81015625 0.31640625 0.18125 0.1328125
0 0.75390625 0.3921875 0.1234375 0.103125
0 0.87890625 0.41484375 0.18125 0.1421875
0 0.9125 0.2171875 0.1453125 0.1328125
0 0.7296875 0.15625 0.1484375 0.1421875
0 0.5875 0.23828125 0.16875 0.1859375
0 0.88359375 0.11328125 0.159375 0.1515625
0 0.38125 0.23046875 0.1703125 0.1421875
0 0.37890625 0.0921875 0.1328125 0.1078125
0 0.1609375 0.1890625 0.196875 0.1703125
0 0.171875 0.36328125 0.259375 0.1609375
0 0.3390625 0.48828125 0.4578125 0.221875
0 0.3890625 0.3421875 0.1859375 0.0984375
0 0.21171875 0.64453125 0.3515625 0.221875
0 0.14765625 0.89921875 0.24375 0.1953125
0 0.328125 0.90625 0.11875 0.0875
0 0.41015625 0.728125 0.1640625 0.1078125
0 0.171875 0.7765625 0.1453125 0.0984375
0 0.63671875 0.6765625 0.1234375 0.1171875
0 0.47578125 0.6203125 0.2125 0.1375
0 0.49765625 0.92890625 0.15 0.1328125
0 0.69375 0.95078125 0.18125 0.0921875