0 0.06796875 0.3078125 0.1359375 0.13125
0 0.12265625 0.390625 0.1015625 0.08125
0 0.28515625 0.23828125 0.1796875 0.1328125
0 0.22890625 0.3140625 0.121875 0.103125
0 0.35078125 0.33671875 0.1765625 0.1421875
0 0.3765625 0.13828125 0.125 0.1328125
0 0.2046875 0.078125 0.15 0.14375
0 0.07265625 0.159375 0.1453125 0.184375
0 0.3578125 0.05546875 0.159375 0.1109375
0 0.7484375 0.05703125 0.1296875 0.0515625
0 0.51171875 0.1203125 0.0640625 0.065625
0 0.46953125 0.075 0.0609375 0.059375
0 0.45 0.03046875 0.021875 0.0453125
0 0.4578125 0.215625 0.0375 0.040625
0 0.72265625 0.21171875 0.053125 0.0640625
0 0.73203125 0.1453125 0.0859375 0.071875
0 0.8796875 0.15390625 0.090625 0.0859375
0 0.8921875 0.25 0.075 0.06875
0 0.96875 0.3203125 0.0625 0.05625
0 0.98984375 0.3515625 0.0203125 0.05625
0 0.93984375 0.2078125 0.040625 0.0375
0 0.81171875 0.446875 0.0703125 0.025
0 0.603125 0.40078125 0.0796875 0.084375
0 0.80390625 0.2765625 0.0546875 0.040625
0 0.821875 0.1921875 0.0375 0.04375
0 0.8609375 0.0515625 0.0390625 0.03125
0 0.9375 0.04375 0.1015625 0.0453125
0 0.1 0.47578125 0.2 0.0328125
0 0.0046875 0.553125 0.009375 0.021875
0 0.02578125 0.60625 0.03125 0.01875
0 0.13984375 0.58828125 0.040625 0.0203125
0 0.20703125 0.53125 0.0359375 0.01875
0 0.225 0.640625 0.0671875 0.028125
0 0.325 0.8421875 0.0625 0.028125
0 0.115625 0.76015625 0.071875 0.053125
0 0.15390625 0.71953125 0.0765625 0.0296875
0 0.13828125 0.68828125 0.0359375 0.0234375
0 0.00546875 0.875 0.0109375 0.01875
0 0.02890625 0.8984375 0.0390625 0.021875
0 0.19609375 0.8265625 0.0375 0.0203125
0 0.340625 0.47890625 0.0625 0.03125
0 0.41953125 0.9109375 0.0390625 0.025
0 0.50078125 0.6484375 0.1234375 0.115625
0 0.50625 0.5640625 0.134375 0.14375
0 0.50234375 0.80234375 0.040625 0.0203125
0 0.56953125 0.7453125 0.0359375 0.01875
0 0.5875 0.8546875 0.0671875 0.028125
0 0.753125 0.60703125 0.0578125 0.0421875
0 0.940625 0.575 0.11875 0.15625
0 0.96328125 0.9265625 0.0734375 0.04375
0 0.940625 0.859375 0.10625 0.0578125
0 0.6796875 0.6515625 0.040625 0.025
0 0.61015625 0.62109375 0.04375 0.0265625
0 0.703125 0.69296875 0.0625 0.03125
0 0.79296875 0.63671875 0.065625 0.0265625
0 0.9171875 0.6828125 0.0359375 0.028125
0 0.98203125 0.68046875 0.0359375 0.0203125
0 0.85078125 0.603125 0.0296875 0.0203125