0 0.23828125 0.38515625 0.190625 0.1328125
0 0.31953125 0.4671875 0.1015625 0.08125
0 0.43515625 0.3140625 0.0890625 0.13125
0 0.421875 0.390625 0.115625 0.103125
0 0.4015625 0.1546875 0.15 0.1421875
0 0.259375 0.23671875 0.16875 0.1859375
0 0.06875 0.22890625 0.1375 0.1421875
0 0.0578125 0.08984375 0.115625 0.1078125
0 0.11953125 0.45234375 0.2390625 0.1546875
0 0.0765625 0.33984375 0.153125 0.0984375
0 0.528125 0.01640625 0.065625 0.0328125
0 0.72109375 0.1984375 0.18125 0.2
0 0.6625 0.38828125 0.0578125 0.0703125
0 0.7921875 0.44921875 0.0375 0.0390625
0 0.89296875 0.1 0.034375 0.0359375
0 0.83046875 0.1609375 0.0515625 0.034375
0 0.8484375 0.09375 0.0359375 0.028125
0 0.928125 0.07421875 0.0265625 0.021875
0 0.5578125 0.50859375 0.0234375 0.021875
0 0.959375 0.071875 0.025 0.0171875
0 0.796875 0.3859375 0.025 0.0296875
0 0.9375 0.4 0.0296875 0.0265625
0 0.88203125 0.1609375 0.021875 0.0296875
0 0.1515625 0.90234375 0.0359375 0.04375
0 0.14140625 0.80625 0.0859375 0.0671875
0 0.42109375 0.978125 0.1078125 0.04375
0 0.04296875 0.6625 0.0859375 0.0625
0 0.1 0.975 0.0484375 0.034375
0 0.21640625 0.65625 0.0328125 0.01875
0 0.31953125 0.8609375 0.03125 0.025
0 0.73984375 0.76484375 0.5203125 0.4703125