0 0.30546875 0.3359375 0.5265625 0.365625
0 0.67734375 0.11640625 0.2171875 0.2328125
0 0.784375 0.29453125 0.43125 0.4484375
0 0.7015625 0.4625 0.265625 0.1125
0 0.890625 0.08203125 0.21875 0.1640625
0 0.265625 0.94375 0.084375 0.1125
0 0.146875 0.94921875 0.065625 0.1015625
0 0.278125 0.73515625 0.0703125 0.0828125
0 0.09453125 0.61484375 0.0578125 0.0828125
0 0.5234375 0.7015625 0.090625 0.15625
0 0.5296875 0.88046875 0.078125 0.1453125
0 0.01171875 0.93828125 0.0234375 0.0484375
0 0.29140625 0.8625 0.0484375 0.0609375
0 0.1234375 0.840625 0.0203125 0.0515625
0 0.071875 0.85 0.0359375 0.03125
0 0.15234375 0.715625 0.025 0.0265625
0 0.2234375 0.61484375 0.0171875 0.021875
0 0.884375 0.93984375 0.084375 0.1203125
0 0.765625 0.9453125 0.065625 0.109375
0 0.896875 0.71640625 0.0703125 0.103125
0 0.98046875 0.73828125 0.0390625 0.1203125
0 0.71328125 0.6078125 0.0578125 0.0828125
0 0.99609375 0.8953125 0.0078125 0.053125
0 0.62578125 0.93359375 0.034375 0.0484375
0 0.91015625 0.85546875 0.0484375 0.0609375
0 0.7421875 0.834375 0.0203125 0.0515625
0 0.690625 0.84375 0.0359375 0.03125
0 0.77109375 0.709375 0.025 0.0265625
0 0.8421875 0.6078125 0.0171875 0.021875
0 0.9875 0.6765625 0.021875 0.0703125
0 0.990625 0.59140625 0.01875 0.0578125