0 0.4125 0.49140625 0.253125 0.1953125
0 0.4328125 0.365625 0.2125 0.2
0 0.42890625 0.178125 0.2203125 0.228125
0 0.2484375 0.05859375 0.334375 0.1171875
0 0.06953125 0.109375 0.1390625 0.178125
0 0.1765625 0.3390625 0.353125 0.3375
0 0.253125 0.5203125 0.29375 0.1375
0 0.690625 0.12109375 0.1734375 0.2015625
0 0.73125 0.290625 0.1453125 0.1234375
0 0.85625 0.234375 0.10625 0.090625
0 0.87890625 0.11640625 0.0234375 0.040625
0 0.9125 0.4671875 0.053125 0.0625
0 0.7953125 0.53203125 0.0875 0.0984375
0 0.86328125 0.51171875 0.0890625 0.1390625
0 0.93203125 0.54921875 0.0703125 0.071875
0 0.0421875 0.7640625 0.028125 0.0890625
0 0.1171875 0.978125 0.03125 0.04375
0 0.221875 0.98828125 0.075 0.0234375
0 0.240625 0.778125 0.0984375 0.178125
0 0.325 0.74375 0.0875 0.140625
0 0.32109375 0.93671875 0.0484375 0.10625
0 0.1015625 0.728125 0.040625 0.0515625
0 0.07109375 0.70859375 0.0265625 0.053125
0 0.42265625 0.66640625 0.0953125 0.1546875
0 0.3859375 0.8734375 0.09375 0.209375
0 0.465625 0.8109375 0.0296875 0.0390625
0 0.58984375 0.8625 0.1015625 0.275
0 0.7828125 0.8734375 0.2875 0.253125
0 0.9484375 0.92265625 0.103125 0.1546875