0 0.1609375 0.23046875 0.2703125 0.178125
0 0.43359375 0.15390625 0.3828125 0.2578125
0 0.63203125 0.10078125 0.196875 0.159375
0 0.6921875 0.31875 0.35625 0.25
0 0.8859375 0.2140625 0.2234375 0.240625
0 0.87734375 0.421875 0.240625 0.2140625
0 0.9046875 0.5734375 0.1859375 0.121875
0 0.875 0.75390625 0.2484375 0.28125
0 0.6578125 0.875 0.4765625 0.2390625
0 0.6515625 0.72734375 0.384375 0.2
0 0.66015625 0.53984375 0.415625 0.228125
0 0.38203125 0.38828125 0.334375 0.1796875
0 0.18125 0.47109375 0.1828125 0.178125
0 0.2828125 0.70078125 0.40625 0.3375
0 0.38671875 0.90625 0.29375 0.1859375