0 0.45703125 0.16796875 0.0640625 0.1796875
0 0.28828125 0.04296875 0.1671875 0.0859375
0 0.41875 0.06484375 0.140625 0.1296875
0 0.3703125 0.428125 0.059375 0.05
0 0.38046875 0.328125 0.2171875 0.159375
0 0.1875 0.29375 0.1765625 0.165625
0 0.22578125 0.3875 0.053125 0.05625
0 0.15546875 0.409375 0.1578125 0.1
0 0.06953125 0.32890625 0.0640625 0.1390625
0 0.421875 0.4109375 0.134375 0.096875
0 0.56875 0.3046875 0.159375 0.209375
0 0.728125 0.35859375 0.18125 0.1703125
0 0.7796875 0.18046875 0.2171875 0.275
0 0.9046875 0.1203125 0.16875 0.16875
0 0.8890625 0.27421875 0.165625 0.21875
0 0.6453125 0.08828125 0.134375 0.1765625
0 0.56015625 0.16796875 0.1421875 0.2265625
0 0.4578125 0.94609375 0.0625 0.1078125
0 0.309375 0.72421875 0.125 0.0578125
0 0.21328125 0.7359375 0.0734375 0.046875
0 0.24296875 0.95625 0.0359375 0.0375
0 0.359375 0.6796875 0.05 0.021875
0 0.33828125 0.60546875 0.0484375 0.03125
0 0.42578125 0.840625 0.0421875 0.0265625
0 0.12421875 0.621875 0.0234375 0.0265625
0 0.090625 0.7265625 0.0296875 0.0359375
0 0.04375 0.9578125 0.0359375 0.0203125
0 0.59296875 0.74921875 0.2078125 0.2140625
0 0.51796875 0.6140625 0.0578125 0.14375
0 0.70234375 0.540625 0.2390625 0.1625
0 0.79453125 0.67734375 0.0703125 0.0390625
0 0.7859375 0.7828125 0.096875 0.09375
0 0.96875 0.81953125 0.0625 0.1515625