0 0.7140625 0.47109375 0.103125 0.1703125
0 0.625 0.4265625 0.1328125 0.2484375
0 0.5203125 0.625 0.1140625 0.18125
0 0.3265625 0.4546875 0.16875 0.1765625
0 0.47265625 0.4546875 0.1734375 0.2640625
0 0.3921875 0.32578125 0.1265625 0.1078125
0 0.4328125 0.171875 0.1515625 0.18125
0 0.20078125 0.28359375 0.3296875 0.2890625
0 0.4078125 0.884375 0.0609375 0.0484375
0 0.42421875 0.78515625 0.228125 0.159375
0 0.225 0.75 0.1765625 0.165625
0 0.26328125 0.84375 0.053125 0.05625
0 0.86875 0.83515625 0.1390625 0.146875
0 0.92578125 0.65390625 0.103125 0.2578125
0 0.93515625 0.41328125 0.125 0.2640625
0 0.915625 0.16484375 0.1640625 0.259375
0 0.77421875 0.31640625 0.228125 0.2546875
0 0.78828125 0.61640625 0.1703125 0.35625
0 0.6140625 0.66328125 0.1734375 0.3265625
0 0.5421875 0.28984375 0.1859375 0.2953125
0 0.6453125 0.134375 0.15625 0.1953125
0 0.35546875 0.0640625 0.1703125 0.1140625
0 0.7953125 0.10546875 0.1390625 0.16875
0 0.19375 0.90625 0.159375 0.18125
0 0.10703125 0.78515625 0.065625 0.1390625
0 0.546875 0.90859375 0.3078125 0.178125