0 0.3859375 0.31796875 0.10625 0.2484375
0 0.2953125 0.5171875 0.1125 0.18125
0 0.1015625 0.346875 0.16875 0.1765625
0 0.24765625 0.346875 0.1734375 0.265625
0 0.1671875 0.21796875 0.128125 0.1078125
0 0.20703125 0.0765625 0.1515625 0.153125
0 0.0703125 0.175 0.140625 0.2875
0 0.3703125 0.50546875 0.1375 0.2265625
0 0.3171875 0.18203125 0.184375 0.2953125
0 0.390625 0.06171875 0.096875 0.1234375
0 0.55390625 0.26640625 0.2296875 0.3546875
0 0.528125 0.0921875 0.178125 0.184375
0 0.8046875 0.16484375 0.278125 0.290625
0 0.71328125 0.39921875 0.15 0.2484375
0 0.58984375 0.5515625 0.2203125 0.134375
0 0.81328125 0.453125 0.2546875 0.33125
0 0.95703125 0.48671875 0.0859375 0.2640625
0 0.96015625 0.13515625 0.0796875 0.2703125
0 0.1703125 0.8 0.340625 0.3625
0 0.378125 0.7265625 0.1125 0.1375
0 0.35625 0.86328125 0.165625 0.2734375
0 0.49609375 0.68828125 0.0625 0.0484375
0 0.546875 0.79140625 0.034375 0.0234375
0 0.83359375 0.71171875 0.0609375 0.0390625
0 0.6625 0.62421875 0.03125 0.0109375
0 0.7765625 0.9578125 0.23125 0.084375
0 0.64765625 0.7265625 0.03125 0.021875
0 0.82890625 0.7875 0.0265625 0.025