0 0.34453125 0.096875 0.2703125 0.19375
0 0.29609375 0.26796875 0.3109375 0.2765625
0 0.3234375 0.434375 0.3125 0.13125
0 0.0328125 0.38046875 0.065625 0.2390625
0 0.04921875 0.209375 0.0984375 0.115625
0 0.5671875 0.26171875 0.175 0.2140625
0 0.66015625 0.0671875 0.2390625 0.134375
0 0.75234375 0.18984375 0.0703125 0.0390625
0 0.74375 0.2953125 0.096875 0.09375
0 0.94765625 0.33203125 0.1046875 0.1515625
0 0.97890625 0.15234375 0.0421875 0.0453125
0 0.0515625 0.77265625 0.103125 0.1421875
0 0.3140625 0.875 0.090625 0.0625
0 0.115625 0.7234375 0.03125 0.01875
0 0.20234375 0.7171875 0.03125 0.021875
0 0.1515625 0.78125 0.025 0.0265625
0 0.00859375 0.640625 0.0171875 0.01875
0 0.00390625 0.68671875 0.0078125 0.0203125
0 0.4578125 0.8578125 0.0390625 0.025
0 0.29453125 0.84609375 0.0546875 0.0484375
0 0.69375 0.67421875 0.134375 0.1421875
0 0.9625 0.7765625 0.075 0.0625
0 0.7734375 0.625 0.03125 0.01875
0 0.86015625 0.61875 0.03125 0.021875
0 0.809375 0.6828125 0.025 0.0265625
0 0.6625 0.54296875 0.0265625 0.0203125
0 0.6484375 0.5890625 0.0375 0.01875
0 0.95234375 0.74765625 0.0546875 0.0484375
0 0.971875 0.99140625 0.053125 0.0171875
0 0.81640625 0.9375 0.021875 0.0203125
0 0.6421875 0.975 0.025 0.0203125
0 0.4890625 0.7359375 0.01875 0.0125
0 0.5296875 0.75703125 0.0171875 0.021875
0 0.51015625 0.75859375 0.0171875 0.0171875
0 0.48671875 0.78515625 0.0140625 0.0265625