0 0.234375 0.19453125 0.46875 0.3890625
0 0.49921875 0.2890625 0.0609375 0.165625
0 0.54296875 0.16953125 0.1484375 0.2671875
0 0.771875 0.14921875 0.378125 0.271875
0 0.903125 0.05859375 0.190625 0.1171875
0 0.234375 0.6859375 0.46875 0.59375
0 0.56640625 0.49140625 0.1953125 0.2046875
0 0.7625 0.4125 0.071875 0.0390625
0 0.53671875 0.775 0.1359375 0.259375
0 0.7546875 0.51953125 0.0984375 0.096875
0 0.953125 0.55703125 0.09375 0.1515625
0 0.71015625 0.8078125 0.0546875 0.034375
0 0.7625 0.7765625 0.0546875 0.0453125
0 0.80859375 0.81875 0.040625 0.0296875
0 0.8421875 0.79375 0.0359375 0.053125