0 0.21484375 0.1546875 0.4296875 0.309375
0 0.66171875 0.14296875 0.3390625 0.2859375
0 0.9125 0.0875 0.175 0.175
0 0.4 0.553125 0.059375 0.13125
0 0.28125 0.39765625 0.1703125 0.1421875
0 0.0796875 0.375 0.159375 0.13125
0 0.10078125 0.53046875 0.2015625 0.1609375
0 0.21953125 0.6546875 0.4203125 0.221875
0 0.2890625 0.509375 0.1859375 0.0984375
0 0.14296875 0.8109375 0.2859375 0.221875
0 0.31015625 0.8953125 0.1640625 0.1078125
0 0.071875 0.94296875 0.14375 0.0984375
0 0.34921875 0.78671875 0.1609375 0.1359375
0 0.50859375 0.4484375 0.1109375 0.05625
0 0.6234375 0.3671875 0.034375 0.0203125
0 0.70078125 0.3609375 0.03125 0.0171875
0 0.68828125 0.5078125 0.0671875 0.025
0 0.9453125 0.565625 0.109375 0.1625
0 0.9515625 0.37734375 0.0296875 0.021875
0 0.98203125 0.32265625 0.021875 0.0140625
0 0.996875 0.38203125 0.00625 0.0171875
0 0.44140625 0.653125 0.0234375 0.03125
0 0.47109375 0.93671875 0.0453125 0.0453125
0 0.83125 0.38984375 0.0296875 0.0203125
0 0.859375 0.53984375 0.0484375 0.028125
0 0.9515625 0.76484375 0.0265625 0.0171875
0 0.58046875 0.72265625 0.03125 0.0296875
0 0.96796875 0.4609375 0.0640625 0.03125
0 0.76328125 0.3171875 0.0203125 0.015625
0 0.88125 0.328125 0.0171875 0.0171875
0 0.4734375 0.55078125 0.0203125 0.025
0 0.46953125 0.49765625 0.034375 0.03125
0 0.61796875 0.8328125 0.0359375 0.025
0 0.7125 0.87890625 0.0484375 0.0390625
0 0.55546875 0.82109375 0.053125 0.0265625
0 0.73203125 0.98671875 0.0484375 0.0265625
0 0.5375 0.615625 0.0359375 0.025