0 0.14453125 0.209375 0.2890625 0.41875
0 0.14453125 0.39375 0.2890625 0.25
0 0.815625 0.19140625 0.3296875 0.3265625
0 0.70546875 0.40703125 0.4203125 0.2234375
0 0.67734375 0.059375 0.1390625 0.11875
0 0.953125 0.13203125 0.09375 0.2640625
0 0.46171875 0.38828125 0.2453125 0.2609375
0 0.565625 0.14921875 0.15625 0.271875
0 0.38671875 0.1453125 0.1953125 0.25625
0 0.20078125 0.91328125 0.1765625 0.1734375
0 0.24609375 0.60703125 0.0859375 0.1578125
0 0.2046875 0.7390625 0.16875 0.228125
0 0.134375 0.65546875 0.24375 0.1421875
0 0.51953125 0.77734375 0.2953125 0.4453125
0 0.86953125 0.759375 0.2609375 0.425