0 0.35703125 0.1546875 0.1046875 0.309375
0 0.20078125 0.259375 0.0890625 0.1
0 0.8453125 0.10234375 0.075 0.0578125
0 0.0546875 0.4203125 0.0484375 0.0515625
0 0.2765625 0.91484375 0.0625 0.0515625
0 0.39140625 0.9328125 0.0359375 0.04375
0 0.32734375 0.81015625 0.0703125 0.0578125
0 0.09609375 0.7953125 0.0359375 0.034375
0 0.07734375 0.75703125 0.0296875 0.0265625
0 0.109375 0.73203125 0.0390625 0.028125
0 0.2921875 0.74296875 0.0515625 0.0203125
0 0.2984375 0.634375 0.04375 0.034375
0 0.28828125 0.98125 0.0546875 0.0375
0 0.19140625 0.95546875 0.03125 0.0390625
0 0.2828125 0.609375 0.040625 0.0390625
0 0.87734375 0.6234375 0.2453125 0.190625
0 0.57734375 0.44140625 0.040625 0.0359375
0 0.43984375 0.440625 0.0609375 0.0453125
0 0.64765625 0.3875 0.0390625 0.03125
0 0.56953125 0.6375 0.0453125 0.034375
0 0.41796875 0.4828125 0.0171875 0.0375
0 0.41953125 0.3734375 0.0203125 0.03125