0 0.24609375 0.07734375 0.3578125 0.1546875
0 0.16015625 0.3265625 0.3203125 0.403125
0 0.35546875 0.1375 0.2265625 0.275
0 0.39140625 0.271875 0.1546875 0.290625
0 0.734375 0.284375 0.53125 0.56875
0 0.20703125 0.640625 0.0359375 0.0375
0 0.1609375 0.671875 0.0359375 0.034375
0 0.01796875 0.725 0.0359375 0.115625
0 0.1953125 0.92421875 0.18125 0.1515625
0 0.36796875 0.85 0.034375 0.0359375
0 0.30546875 0.9109375 0.0515625 0.034375
0 0.06015625 0.71171875 0.053125 0.0453125
0 0.3140625 0.70546875 0.0328125 0.034375
0 0.11171875 0.58984375 0.03125 0.0265625
0 0.09296875 0.65703125 0.03125 0.028125
0 0.06484375 0.62265625 0.028125 0.0265625
0 0.3234375 0.84375 0.0359375 0.0296875
0 0.403125 0.82421875 0.0265625 0.021875
0 0.434375 0.821875 0.025 0.0171875
0 0.35703125 0.9109375 0.021875 0.0296875
0 0.20390625 0.57265625 0.0921875 0.0078125
0 0.01328125 0.5765625 0.0265625 0.015625
0 0.6 0.59375 0.071875 0.05
0 0.5046875 0.58671875 0.053125 0.0359375
0 0.8609375 0.628125 0.1203125 0.109375
0 0.96640625 0.57890625 0.0671875 0.0203125
0 0.625 0.671875 0.0765625 0.053125
0 0.825 0.73046875 0.0453125 0.0453125
0 0.828125 0.82109375 0.1296875 0.0515625
0 0.59140625 0.884375 0.065625 0.065625
0 0.5484375 0.83984375 0.065625 0.0609375
0 0.5125 0.7953125 0.0578125 0.0453125
0 0.52421875 0.9796875 0.065625 0.040625
0 0.8015625 0.97109375 0.053125 0.0578125
0 0.81171875 0.909375 0.0859375 0.071875
0 0.95703125 0.9171875 0.0859375 0.0875
0 0.9671875 0.98984375 0.065625 0.0203125
0 0.9015625 0.95625 0.0390625 0.04375
0 0.5640625 0.725 0.103125 0.0625
0 0.83203125 0.69609375 0.0875 0.0359375
0 0.940625 0.815625 0.0390625 0.03125
0 0.9828125 0.80703125 0.034375 0.0453125
0 0.76328125 0.5828125 0.0453125 0.028125