0 0.2171875 0.3296875 0.225 0.403125
0 0.83359375 0.16875 0.0671875 0.065625
0 0.66875 0.184375 0.0453125 0.0296875
0 0.58359375 0.02578125 0.065625 0.0453125
0 0.3875 0.15859375 0.0703125 0.0453125
0 0.56796875 0.3484375 0.053125 0.0546875
0 0.87734375 0.29296875 0.065625 0.065625
0 0.9921875 0.33203125 0.015625 0.0609375
0 0.93828125 0.2859375 0.0484375 0.0296875
0 0.5140625 0.48046875 0.075 0.0578125
0 0.94453125 0.075 0.065625 0.040625
0 0.2171875 0.6578125 0.146875 0.05625
0 0.19140625 0.81484375 0.2765625 0.3703125
0 0.48515625 0.83359375 0.1859375 0.1703125
0 0.9875 0.978125 0.025 0.0375
0 0.89609375 0.8828125 0.0390625 0.034375
0 0.7078125 0.675 0.0578125 0.0359375