0 0.1796875 0.2546875 0.359375 0.509375
0 0.8046875 0.2546875 0.390625 0.509375
0 0.43203125 0.75546875 0.2734375 0.4890625
0 0.059375 0.69140625 0.0984375 0.053125
0 0.44453125 0.6421875 0.040625 0.040625
0 0.203125 0.834375 0.0390625 0.0625
0 0.73046875 0.91953125 0.1859375 0.1609375
0 0.8765625 0.8703125 0.146875 0.23125
0 0.73984375 0.73984375 0.153125 0.2578125
0 0.66015625 0.63046875 0.1828125 0.1828125
0 0.61796875 0.56015625 0.0984375 0.1015625
0 0.603125 0.77109375 0.06875 0.2015625
0 0.62265625 0.87734375 0.1078125 0.2109375