0 0.06875 0.53359375 0.1375 0.0921875
0 0.0203125 0.53828125 0.040625 0.0828125
0 0.046875 0.43515625 0.09375 0.1296875
0 0.10234375 0.41484375 0.0625 0.0859375
0 0.16640625 0.4078125 0.0796875 0.103125
0 0.1953125 0.2953125 0.159375 0.134375
0 0.0796875 0.271875 0.128125 0.09375
0 0.06015625 0.353125 0.115625 0.0765625
0 0.01640625 0.28671875 0.0328125 0.0890625
0 0.17109375 0.5359375 0.1953125 0.0875
0 0.4375 0.51328125 0.146875 0.1328125
0 0.2984375 0.52421875 0.128125 0.1109375
0 0.20703125 0.4265625 0.1515625 0.1125
0 0.3203125 0.45546875 0.153125 0.0640625
0 0.65859375 0.0390625 0.2796875 0.078125
0 0.9046875 0.321875 0.190625 0.346875
0 0.921875 0.11328125 0.15625 0.2265625
0 0.7296875 0.215625 0.26875 0.35625
0 0.71796875 0.45390625 0.2328125 0.2515625
0 0.22109375 0.6421875 0.4421875 0.125
0 0.65078125 0.67578125 0.0609375 0.0515625
0 0.5703125 0.9875 0.103125 0.025
0 0.5765625 0.77109375 0.040625 0.028125
0 0.678125 0.9765625 0.1125 0.046875
0 0.8390625 0.5875 0.03125 0.015625
0 0.83984375 0.76640625 0.0390625 0.0390625
0 0.91796875 0.87890625 0.0625 0.0578125
0 0.9203125 0.925 0.090625 0.0484375