0 0.2515625 0.4390625 0.178125 0.165625
0 0.17421875 0.5359375 0.221875 0.15625
0 0.2609375 0.6390625 0.1859375 0.1015625
0 0.1625 0.68046875 0.10625 0.0484375
0 0.25234375 0.7296875 0.1375 0.125
0 0.3734375 0.74609375 0.11875 0.1546875
0 0.39765625 0.8484375 0.1078125 0.065625
0 0.47578125 0.78828125 0.1203125 0.1734375
0 0.5671875 0.75 0.134375 0.0796875
0 0.43515625 0.60703125 0.1421875 0.1453125
0 0.365625 0.609375 0.0890625 0.1296875
0 0.4015625 0.4828125 0.1234375 0.1296875
0 0.47109375 0.46171875 0.0625 0.0875
0 0.53515625 0.4546875 0.0796875 0.103125
0 0.5640625 0.3421875 0.159375 0.134375
0 0.4484375 0.31875 0.128125 0.09375
0 0.42890625 0.4 0.115625 0.0765625
0 0.35703125 0.334375 0.0890625 0.0890625
0 0.540625 0.6234375 0.1953125 0.16875
0 0.7328125 0.69140625 0.1765625 0.11875
0 0.80625 0.56875 0.146875 0.15
0 0.66796875 0.5734375 0.128125 0.115625
0 0.57578125 0.4734375 0.1515625 0.1140625
0 0.6890625 0.50234375 0.153125 0.065625