0 0.0390625 0.6109375 0.078125 0.1375
0 0.12265625 0.62734375 0.1203125 0.1046875
0 0.2140625 0.6234375 0.134375 0.08125
0 0.08203125 0.48046875 0.1421875 0.1453125
0 0.028125 0.48203125 0.05625 0.1296875
0 0.0546875 0.35546875 0.109375 0.1296875
0 0.11796875 0.33515625 0.0625 0.0859375
0 0.18203125 0.328125 0.0796875 0.103125
0 0.2109375 0.215625 0.159375 0.134375
0 0.0953125 0.1921875 0.128125 0.09375
0 0.07578125 0.2734375 0.115625 0.0765625
0 0.02421875 0.20703125 0.0484375 0.0890625
0 0.1875 0.496875 0.1953125 0.16875
0 0.36015625 0.5640625 0.1390625 0.11875
0 0.4046875 0.44140625 0.05 0.1484375
0 0.31484375 0.446875 0.1265625 0.115625
0 0.22265625 0.346875 0.1515625 0.1125
0 0.3359375 0.37578125 0.153125 0.0640625
0 0.49140625 0.2453125 0.0453125 0.03125
0 0.471875 0.06875 0.084375 0.059375
0 0.91953125 0.3484375 0.103125 0.04375
0 0.509375 0.51953125 0.159375 0.2265625
0 0.65546875 0.1734375 0.053125 0.04375
0 0.83671875 0.14921875 0.03125 0.0390625
0 0.89453125 0.2640625 0.0546875 0.034375
0 0.25234375 0.83984375 0.3546875 0.3203125
0 0.52890625 0.90546875 0.1984375 0.1890625
0 0.70859375 0.89296875 0.1328125 0.1484375
0 0.84296875 0.9390625 0.2671875 0.121875