0 0.08828125 0.35390625 0.1765625 0.4171875
0 0.28203125 0.40859375 0.2546875 0.3109375
0 0.5421875 0.41171875 0.175 0.3359375
0 0.40703125 0.08984375 0.2015625 0.1796875
0 0.90234375 0.278125 0.1953125 0.55625
0 0.025 0.821875 0.05 0.15625
0 0.10078125 0.86640625 0.084375 0.075
0 0.23828125 0.925 0.1359375 0.15
0 0.33125 0.90703125 0.0703125 0.11875
0 0.565625 0.83046875 0.0984375 0.1515625
0 0.50234375 0.846875 0.0625 0.10625
0 0.4046875 0.8421875 0.1609375 0.1953125
0 0.11640625 0.815625 0.0859375 0.065625
0 0.165625 0.86015625 0.0578125 0.10625
0 0.26875 0.83125 0.1375 0.121875
0 0.5171875 0.9859375 0.125 0.028125
0 0.32890625 0.97890625 0.1921875 0.0421875
0 0.31484375 0.69375 0.6296875 0.228125
0 0.50703125 0.92421875 0.125 0.0984375
0 0.10703125 0.94609375 0.1640625 0.1078125
0 0.778125 0.77890625 0.296875 0.3984375
0 0.97734375 0.740625 0.0453125 0.084375
0 0.9640625 0.7984375 0.071875 0.059375
0 0.96484375 0.86171875 0.0703125 0.0640625
0 0.96015625 0.93828125 0.0796875 0.0796875