0 0.2171875 0.58046875 0.1734375 0.21875
0 0.3703125 0.3921875 0.1703125 0.353125
0 0.2921875 0.1546875 0.1703125 0.159375
0 0.50625 0.4828125 0.15 0.3078125
0 0.5515625 0.703125 0.065625 0.115625
0 0.4171875 0.77890625 0.2765625 0.4375
0 0.18359375 0.85078125 0.1859375 0.290625
0 0.66796875 0.8484375 0.221875 0.2984375
0 0.8578125 0.915625 0.1546875 0.1609375
0 0.9578125 0.87109375 0.0828125 0.25
0 0.8390625 0.775 0.1515625 0.128125
0 0.91484375 0.55078125 0.16875 0.3796875
0 0.7765625 0.59609375 0.1109375 0.3390625
0 0.63828125 0.5984375 0.16875 0.209375
0 0.67421875 0.35078125 0.1875 0.271875
0 0.83984375 0.3234375 0.115625 0.3171875