0 0.096875 0.20625 0.171875 0.353125
0 0.2328125 0.296875 0.15 0.3078125
0 0.278125 0.5171875 0.065625 0.115625
0 0.14296875 0.5265625 0.2765625 0.30625
0 0.34140625 0.59609375 0.1171875 0.1671875
0 0.33984375 0.4125 0.1203125 0.209375
0 0.353125 0.1640625 0.09375 0.271875
0 0.4953125 0.14765625 0.190625 0.2859375
0 0.7921875 0.075 0.1125 0.096875
0 0.8015625 0.2015625 0.271875 0.221875
0 0.95546875 0.171875 0.0890625 0.2125
0 0.89140625 0.465625 0.1546875 0.2453125
0 0.68984375 0.36875 0.2390625 0.1625
0 0.6984375 0.46484375 0.2 0.1671875
0 0.6109375 0.5671875 0.246875 0.225
0 0.80859375 0.6046875 0.2328125 0.15
0 0.46875 0.43125 0.1375 0.15625
0 0.57890625 0.2484375 0.1859375 0.125
0 0.10703125 0.91328125 0.053125 0.0359375
0 0.3921875 0.834375 0.015625 0.05
0 0.1203125 0.97109375 0.0375 0.0234375
0 0.06640625 0.72734375 0.025 0.028125
0 0.16484375 0.7984375 0.0421875 0.025
0 0.340625 0.93046875 0.040625 0.0296875
0 0.821875 0.92109375 0.196875 0.1578125
0 0.69609375 0.771875 0.2578125 0.184375
0 0.46328125 0.92578125 0.0734375 0.0515625
0 0.9421875 0.890625 0.115625 0.21875
0 0.87890625 0.75625 0.1171875 0.103125
0 0.584375 0.87578125 0.05 0.0421875
0 0.43125 0.95625 0.0625 0.053125