0 0.06796875 0.06015625 0.1359375 0.1203125
0 0.18671875 0.09375 0.1484375 0.1875
0 0.23203125 0.24296875 0.0640625 0.0921875
0 0.11796875 0.2 0.2359375 0.178125
0 0.440625 0.14453125 0.078125 0.2890625
0 0.31953125 0.15 0.1671875 0.209375
0 0.80234375 0.14453125 0.3390625 0.2890625
0 0.3921875 0.56328125 0.0359375 0.04375
0 0.38203125 0.4671875 0.0859375 0.0671875
0 0.24296875 0.721875 0.053125 0.0546875
0 0.1046875 0.696875 0.1609375 0.134375
0 0.35 0.84453125 0.05 0.0515625
0 0.4328125 0.6984375 0.059375 0.05625
0 0.25703125 0.3234375 0.1390625 0.0625
0 0.17421875 0.60078125 0.0390625 0.0328125
0 0.340625 0.6359375 0.046875 0.034375
0 0.12890625 0.81015625 0.0390625 0.0203125
0 0.06796875 0.9921875 0.1359375 0.015625
0 0.19375 0.865625 0.0609375 0.065625
0 0.45703125 0.3171875 0.034375 0.0203125
0 0.0734375 0.33125 0.0609375 0.0453125
0 0.61015625 0.3328125 0.0359375 0.0390625
0 0.5640625 0.3640625 0.0359375 0.034375
0 0.59921875 0.640625 0.18125 0.2
0 0.540625 0.83046875 0.0578125 0.0703125
0 0.6703125 0.89140625 0.0375 0.0390625
0 0.77109375 0.5421875 0.0328125 0.0359375
0 0.70859375 0.603125 0.0515625 0.034375
0 0.7171875 0.39765625 0.034375 0.034375
0 0.5140625 0.2921875 0.03125 0.00625
0 0.49609375 0.34921875 0.03125 0.0296875
0 0.7265625 0.5359375 0.0359375 0.028125
0 0.80625 0.51640625 0.0265625 0.021875
0 0.934375 0.9296875 0.0390625 0.0296875
0 0.91640625 0.47421875 0.0296875 0.0203125
0 0.8375 0.5140625 0.025 0.0171875
0 0.675 0.828125 0.0234375 0.0296875
0 0.815625 0.8421875 0.0296875 0.0265625
0 0.50078125 0.9828125 0.0296875 0.021875
0 0.76015625 0.603125 0.021875 0.028125
0 0.95625 0.77109375 0.025 0.0203125
0 0.96953125 0.91171875 0.0265625 0.03125