0 0.06875 0.2875 0.1375 0.16875
0 0.321875 0.27265625 0.09375 0.2328125
0 0.1453125 0.15546875 0.225 0.2296875
0 0.25078125 0.32578125 0.1921875 0.1265625
0 0.95703125 0.25078125 0.0859375 0.0796875
0 0.875 0.07109375 0.0625 0.0765625
0 0.68359375 0.09375 0.2859375 0.1875
0 0.44765625 0.0171875 0.0453125 0.034375
0 0.9671875 0.18203125 0.059375 0.0390625
0 0.846875 0.23359375 0.0390625 0.034375
0 0.46796875 0.55078125 0.1984375 0.2015625
0 0.8671875 0.728125 0.046875 0.028125
0 0.78203125 0.56953125 0.0640625 0.0453125
0 0.5859375 0.70234375 0.06875 0.0453125
0 0.76640625 0.8921875 0.053125 0.05625
0 0.38359375 0.8359375 0.0296875 0.05625