0 0.07578125 0.11484375 0.1515625 0.2296875
0 0.23984375 0.19296875 0.2671875 0.1671875
0 0.05703125 0.3796875 0.1140625 0.259375
0 0.378125 0.0875 0.221875 0.175
0 0.2546875 0.39296875 0.228125 0.2328125
0 0.43984375 0.30390625 0.0984375 0.2734375
0 0.7625 0.19296875 0.475 0.3859375
0 0.15234375 0.69375 0.3046875 0.365625
0 0.0859375 0.91640625 0.171875 0.1671875
0 0.271875 0.8796875 0.271875 0.240625
0 0.28515625 0.91953125 0.2859375 0.1609375
0 0.4171875 0.81953125 0.14375 0.3609375
0 0.7625 0.61796875 0.3125 0.2171875
0 0.6359375 0.88828125 0.29375 0.2234375