0 0.0640625 0.7453125 0.1109375 0.284375
0 0.15859375 0.678125 0.1515625 0.3125
0 0.2859375 0.7921875 0.2359375 0.303125
0 0.46875 0.86171875 0.290625 0.2390625
0 0.76328125 0.8796875 0.290625 0.2359375
0 0.4953125 0.57421875 0.23125 0.2046875
0 0.55390625 0.68515625 0.253125 0.18125
0 0.703125 0.525 0.1859375 0.240625
0 0.7765625 0.65390625 0.228125 0.2640625
0 0.8484375 0.4359375 0.146875 0.23125
0 0.71171875 0.30546875 0.153125 0.2578125
0 0.6296875 0.19609375 0.1875 0.1828125
0 0.58046875 0.09609375 0.11875 0.1640625
0 0.49296875 0.15234375 0.1140625 0.2140625
0 0.3015625 0.15859375 0.0890625 0.221875
0 0.2953125 0.27734375 0.1859375 0.1609375
0 0.35546875 0.5109375 0.1421875 0.2578125
0 0.50625 0.3375 0.2078125 0.2015625
0 0.5296875 0.44375 0.2390625 0.2125