0 0.1671875 0.54296875 0.23125 0.2046875
0 0.225 0.62109375 0.253125 0.1171875
0 0.375 0.49375 0.184375 0.240625
0 0.446875 0.58515625 0.225 0.1890625
0 0.503125 0.40390625 0.1125 0.2296875
0 0.38359375 0.27421875 0.1546875 0.2578125
0 0.3015625 0.16484375 0.1875 0.1828125
0 0.2515625 0.07265625 0.11875 0.1453125
0 0.16484375 0.12109375 0.1140625 0.2140625
0 0.0296875 0.24609375 0.059375 0.1609375
0 0.04921875 0.47890625 0.0984375 0.2578125
0 0.178125 0.30625 0.20625 0.2015625
0 0.2015625 0.4125 0.2375 0.2125
0 0.72578125 0.4 0.3328125 0.165625
0 0.628125 0.5359375 0.103125 0.10625
0 0.77578125 0.62421875 0.259375 0.084375
0 0.953125 0.653125 0.09375 0.053125
0 0.934375 0.3375 0.13125 0.26875
0 0.8734375 0.146875 0.253125 0.10625
0 0.8046875 0.24140625 0.14375 0.071875
0 0.6984375 0.28828125 0.278125 0.0890625
0 0.646875 0.13359375 0.175 0.2046875
0 0.61015625 0.59609375 0.1015625 0.1671875
0 0.25390625 0.83984375 0.5078125 0.3203125