0 0.09140625 0.4265625 0.1515625 0.10625
0 0.35078125 0.4015625 0.0765625 0.15625
0 0.23359375 0.06015625 0.0890625 0.1203125
0 0.228125 0.12890625 0.184375 0.1609375
0 0.28828125 0.35625 0.1421875 0.246875
0 0.36171875 0.18828125 0.0546875 0.2015625
0 0.5796875 0.35703125 0.38125 0.2453125
0 0.95390625 0.28828125 0.0921875 0.3046875
0 0.48125 0.159375 0.184375 0.19375
0 0.65390625 0.14453125 0.1328125 0.1484375
0 0.7890625 0.253125 0.2671875 0.2453125
0 0.19453125 0.73984375 0.3890625 0.5203125
0 0.9265625 0.9671875 0.065625 0.065625
0 0.4609375 0.565625 0.03125 0.0546875
0 0.63984375 0.5890625 0.0578125 0.05
0 0.87421875 0.6515625 0.0578125 0.08125
0 0.47421875 0.7734375 0.021875 0.0671875
0 0.68828125 0.70234375 0.0296875 0.0515625
0 0.54375 0.54140625 0.0484375 0.1015625
0 0.50625 0.5546875 0.0390625 0.0484375
0 0.475 0.534375 0.034375 0.040625
0 0.7859375 0.9765625 0.034375 0.046875
0 0.66015625 0.659375 0.0140625 0.034375
0 0.903125 0.878125 0.0203125 0.0515625
0 0.8515625 0.8875 0.0359375 0.03125
0 0.93203125 0.753125 0.025 0.0265625
0 0.996875 0.6515625 0.00625 0.021875
0 0.40078125 0.97734375 0.0234375 0.0453125
0 0.521875 0.78515625 0.034375 0.0359375