0 0.3828125 0.16640625 0.271875 0.2203125
0 0.1734375 0.2296875 0.2125 0.184375
0 0.03515625 0.08125 0.0703125 0.14375
0 0.259375 0.03203125 0.51875 0.0640625
0 0.4703125 0.23515625 0.096875 0.1265625
0 0.21484375 0.371875 0.4078125 0.19375
0 0.63671875 0.0875 0.2359375 0.175
0 0.81484375 0.23671875 0.3703125 0.4140625
0 0.4140625 0.5234375 0.209375 0.109375
0 0.1609375 0.76171875 0.321875 0.3546875
0 0.41640625 0.87578125 0.2046875 0.2484375
0 0.46171875 0.634375 0.1140625 0.175
0 0.70625 0.5609375 0.271875 0.184375
0 0.759375 0.80546875 0.48125 0.3890625
0 0.96015625 0.61015625 0.0796875 0.2828125
0 0.928125 0.5078125 0.14375 0.078125