0 0.578125 0.3265625 0.3015625 0.221875
0 0.353125 0.3890625 0.2125 0.1828125
0 0.13828125 0.24140625 0.2265625 0.1453125
0 0.08671875 0.1078125 0.165625 0.15625
0 0.453125 0.11796875 0.5515625 0.2125
0 0.83671875 0.29296875 0.321875 0.2328125
0 0.7015625 0.3953125 0.2 0.128125
0 0.78359375 0.4859375 0.2453125 0.1734375
0 0.84140625 0.5875 0.303125 0.1703125
0 0.3953125 0.578125 0.409375 0.2859375
0 0.6828125 0.08203125 0.315625 0.1515625
0 0.65859375 0.7234375 0.215625 0.1703125
0 0.4796875 0.803125 0.2265625 0.1328125
0 0.303125 0.9125 0.259375 0.15
0 0.2640625 0.7953125 0.2171875 0.284375
0 0.09609375 0.86640625 0.15625 0.15625
0 0.87265625 0.86796875 0.246875 0.2046875
0 0.6671875 0.9015625 0.3171875 0.190625