0 0.2609375 0.04296875 0.09375 0.0859375
0 0.5078125 0.02890625 0.103125 0.0578125
0 0.0703125 0.63359375 0.103125 0.1109375
0 0.0296875 0.534375 0.059375 0.10625
0 0.140625 0.1421875 0.08125 0.075
0 0.01953125 0.2 0.0390625 0.1
0 0.01640625 0.0171875 0.0328125 0.034375
0 0.31640625 0.3828125 0.6046875 0.6125
0 0.89140625 0.21875 0.2171875 0.190625
0 0.678125 0.66484375 0.11875 0.0484375
0 0.053125 0.86171875 0.10625 0.0546875
0 0.165625 0.78125 0.034375 0.01875
0 0.24296875 0.775 0.03125 0.0171875
0 0.23046875 0.921875 0.0671875 0.025
0 0.51953125 0.94921875 0.1734375 0.1015625
0 0.59765625 0.93984375 0.0359375 0.0234375
0 0.49375 0.79140625 0.028125 0.021875
0 0.52421875 0.73671875 0.021875 0.0140625
0 0.5484375 0.796875 0.025 0.0171875
0 0.3734375 0.80390625 0.0296875 0.0203125
0 0.4015625 0.95390625 0.0484375 0.0296875
0 0.525 0.87578125 0.09375 0.03125
0 0.30625 0.73046875 0.0203125 0.0171875
0 0.4234375 0.7421875 0.0171875 0.0171875
0 0.015625 0.96484375 0.0203125 0.025
0 0.0140625 0.9109375 0.028125 0.03125
0 0.715625 0.859375 0.19375 0.28125