0 0.1375 0.0390625 0.09375 0.078125
0 0.384375 0.025 0.103125 0.05
0 0.02890625 0.13359375 0.0578125 0.0734375
0 0.25 0.26875 0.5 0.4
0 0.97109375 0.4109375 0.0578125 0.115625
0 0.865625 0.41640625 0.065625 0.1046875
0 0.98046875 0.2 0.0390625 0.08125
0 0.57890625 0.021875 0.0578125 0.04375
0 0.81328125 0.08046875 0.0578125 0.0828125
0 0.62734375 0.13203125 0.0296875 0.0515625
0 0.57109375 0.4453125 0.0671875 0.046875
0 0.72578125 0.4046875 0.034375 0.0484375
0 0.99296875 0.32734375 0.0140625 0.0609375
0 0.59921875 0.0890625 0.0140625 0.034375
0 0.8421875 0.30625 0.0203125 0.0515625
0 0.790625 0.315625 0.0359375 0.03125
0 0.87109375 0.18125 0.025 0.0265625
0 0.9421875 0.08046875 0.0171875 0.021875
0 0.184375 0.50703125 0.1 0.0765625
0 0.2359375 0.6296875 0.128125 0.1125
0 0.3875 0.64140625 0.1546875 0.128125
0 0.45234375 0.70703125 0.0953125 0.1765625
0 0.3390625 0.7484375 0.215625 0.18125
0 0.40234375 0.903125 0.1953125 0.190625
0 0.41796875 0.984375 0.1453125 0.03125
0 0.14375 0.88828125 0.2875 0.1796875
0 0.4125 0.4953125 0.175 0.053125
0 0.17421875 0.7125 0.1234375 0.11875
0 0.059375 0.65546875 0.11875 0.1359375
0 0.0546875 0.94921875 0.109375 0.1015625
0 0.23046875 0.9703125 0.1796875 0.059375
0 0.5546875 0.7625 0.109375 0.3125
0 0.66015625 0.8625 0.2359375 0.275
0 0.84375 0.91328125 0.290625 0.1734375
0 0.8703125 0.65859375 0.23125 0.2046875
0 0.90078125 0.76875 0.1984375 0.18125
0 0.73046875 0.59609375 0.1421875 0.2546875
0 0.88046875 0.4953125 0.2078125 0.053125
0 0.8921875 0.55078125 0.215625 0.1640625