0 0.3375 0.11171875 0.09375 0.09375
0 0.58515625 0.09765625 0.103125 0.065625
0 0.90234375 0.428125 0.071875 0.0515625
0 0.92578125 0.5765625 0.0984375 0.1015625
0 0.9015625 0.7203125 0.1078125 0.0984375
0 0.83984375 0.734375 0.04375 0.09375
0 0.8640625 0.90234375 0.134375 0.190625
0 0.74609375 0.8859375 0.0515625 0.0828125
0 0.60078125 0.96484375 0.15625 0.065625
0 0.36640625 0.9171875 0.1859375 0.1609375
0 0.178125 0.83671875 0.2390625 0.1546875
0 0.146875 0.7125 0.103125 0.125
0 0.07421875 0.60703125 0.125 0.10625
0 0.2171875 0.2140625 0.0828125 0.075
0 0.0890625 0.27265625 0.05625 0.1015625
0 0.0734375 0.08203125 0.075 0.0515625
0 0.47734375 0.54921875 0.771875 0.8015625