0 0.1703125 0.3859375 0.24375 0.228125
0 0.0375 0.34765625 0.075 0.2671875
0 0.296875 0.1984375 0.153125 0.125
0 0.3 0.34375 0.178125 0.19375
0 0.11484375 0.17578125 0.2296875 0.1765625
0 0.71015625 0.240625 0.0359375 0.0390625
0 0.6640625 0.271875 0.0359375 0.0328125
0 0.50703125 0.325 0.0640625 0.115625
0 0.69296875 0.47421875 0.1921875 0.0515625
0 0.5828125 0.0125 0.028125 0.025
0 0.990625 0.084375 0.01875 0.0375
0 0.89765625 0.13828125 0.0359375 0.0328125
0 0.728125 0.02421875 0.0484375 0.04375
0 0.7765625 0.1421875 0.040625 0.0328125
0 0.87109375 0.45 0.034375 0.0359375
0 0.56328125 0.31171875 0.053125 0.0453125
0 0.8171875 0.30546875 0.034375 0.034375
0 0.46015625 0.2390625 0.0359375 0.04375
0 0.4828125 0.1359375 0.0265625 0.0171875
0 0.53671875 0.07734375 0.025 0.021875
0 0.6125 0.11640625 0.0140625 0.0140625
0 0.61484375 0.18984375 0.03125 0.0265625
0 0.59609375 0.25703125 0.03125 0.0296875
0 0.56796875 0.22265625 0.028125 0.0265625
0 0.8265625 0.44375 0.0359375 0.0296875
0 0.90625 0.42421875 0.0265625 0.021875
0 0.3984375 0.325 0.01875 0.025
0 0.3921875 0.11796875 0.00625 0.0265625
0 0.671875 0.0171875 0.040625 0.034375
0 0.78125 0.040625 0.025 0.0140625
0 0.48984375 0.18671875 0.021875 0.025
0 0.92734375 0.059375 0.0296875 0.021875
0 0.9375 0.421875 0.025 0.0171875
0 0.4953125 0.040625 0.0171875 0.0125
0 0.46796875 0.00234375 0.0234375 0.0046875
0 0.7078125 0.16328125 0.090625 0.0265625
0 0.51640625 0.1734375 0.0265625 0.021875
0 0.328125 0.5421875 0.121875 0.084375
0 0.9890625 0.84140625 0.021875 0.0671875
0 0.8796875 0.9828125 0.19375 0.034375
0 0.815625 0.54296875 0.04375 0.040625
0 0.6640625 0.5828125 0.11875 0.078125
0 0.78203125 0.84609375 0.0546875 0.0296875
0 0.86640625 0.675 0.0703125 0.0546875
0 0.8046875 0.7609375 0.053125 0.0453125
0 0.70546875 0.80859375 0.05625 0.05625
0 0.99453125 0.959375 0.0109375 0.04375
0 0.9515625 0.57421875 0.0484375 0.0453125
0 0.40546875 0.91015625 0.0328125 0.0515625