0 0.1609375 0.48046875 0.321875 0.1171875
0 0.38828125 0.4921875 0.1421875 0.09375
0 0.503125 0.3875 0.24375 0.303125
0 0.25625 0.3125 0.303125 0.2671875
0 0.6296875 0.1625 0.153125 0.125
0 0.66640625 0.3078125 0.2453125 0.19375
0 0.35703125 0.140625 0.4140625 0.175
0 0.31640625 0.03828125 0.0828125 0.0765625
0 0.87421875 0.12109375 0.1703125 0.2296875
0 0.89453125 0.3375 0.2109375 0.403125
0 0.59296875 0.903125 0.3421875 0.19375
0 0.1625 0.71484375 0.325 0.3515625
0 0.86484375 0.73125 0.1515625 0.384375
0 0.959375 0.76875 0.08125 0.309375