0 0.21171875 0.2203125 0.1828125 0.1375
0 0.396875 0.18984375 0.190625 0.125
0 0.57578125 0.21171875 0.1515625 0.1515625
0 0.703125 0.134375 0.165625 0.1390625
0 0.7546875 0.26796875 0.1640625 0.125
0 0.91015625 0.31875 0.178125 0.1328125
0 0.9359375 0.22109375 0.1234375 0.1375
0 0.9484375 0.42578125 0.0984375 0.1375
0 0.79296875 0.41328125 0.2 0.1453125
0 0.5953125 0.38203125 0.190625 0.1453125
0 0.4734375 0.2984375 0.1703125 0.1421875
0 0.30625 0.3296875 0.16875 0.146875
0 0.24140625 0.44609375 0.1765625 0.13125
0 0.303125 0.5734375 0.1765625 0.1375
0 0.396875 0.43515625 0.11875 0.159375
0 0.69375 0.55390625 0.1734375 0.1453125
0 0.853125 0.5046875 0.184375 0.1328125
0 0.85546875 0.6515625 0.2015625 0.146875
0 0.9 0.7640625 0.1953125 0.115625
0 0.725 0.77265625 0.16875 0.1640625
0 0.6234375 0.8765625 0.1875 0.1390625
0 0.4953125 0.78984375 0.1546875 0.159375
0 0.578125 0.64765625 0.165625 0.15625
0 0.4125 0.65625 0.1828125 0.1515625
0 0.2984375 0.77265625 0.18125 0.159375
0 0.3796875 0.9078125 0.159375 0.1703125
0 0.1578125 0.69921875 0.1859375 0.1515625
0 0.13828125 0.5578125 0.16875 0.1453125