0 0.153125 0.04375 0.2 0.0875
0 0.0703125 0.15625 0.140625 0.14375
0 0.19453125 0.10703125 0.1484375 0.1328125
0 0.1921875 0.2546875 0.153125 0.146875
0 0.215625 0.3671875 0.10625 0.115625
0 0.0859375 0.37578125 0.16875 0.1625
0 0.0390625 0.459375 0.078125 0.1
0 0.475 0.396875 0.4125 0.225
0 0.33984375 0.23203125 0.1421875 0.1796875
0 0.3296875 0.05625 0.121875 0.1125
0 0.52265625 0.07421875 0.5015625 0.1484375
0 0.81171875 0.3484375 0.3765625 0.321875
0 0.08046875 0.5203125 0.0484375 0.021875
0 0.12265625 0.88125 0.0359375 0.034375
0 0.10390625 0.84296875 0.028125 0.0265625
0 0.1359375 0.81796875 0.0375 0.0296875
0 0.76640625 0.9140625 0.3046875 0.171875
0 0.45625 0.59765625 0.0625 0.0515625