0 0.15859375 0.03359375 0.1515625 0.0671875
0 0.33671875 0.0546875 0.1640625 0.109375
0 0.42109375 0.09765625 0.0359375 0.1328125
0 0.35703125 0.1921875 0.1640625 0.14375
0 0.178125 0.16171875 0.190625 0.1453125
0 0.0703125 0.07734375 0.140625 0.1421875
0 0.01875 0.2140625 0.0375 0.159375
0 0.2765625 0.33359375 0.1734375 0.1453125
0 0.390625 0.28359375 0.096875 0.1328125
0 0.38828125 0.43125 0.1015625 0.146875
0 0.41171875 0.54375 0.0546875 0.115625
0 0.3078125 0.55234375 0.16875 0.1640625
0 0.20625 0.64296875 0.1875 0.1140625
0 0.078125 0.56953125 0.153125 0.1578125
0 0.1609375 0.42734375 0.165625 0.15625
0 0.04296875 0.43515625 0.0859375 0.1515625
0 0.51171875 0.221875 0.1453125 0.178125
0 0.72265625 0.14609375 0.3828125 0.2578125
0 0.9109375 0.0921875 0.178125 0.159375
0 0.9015625 0.3109375 0.196875 0.25
0 0.87421875 0.659375 0.2515625 0.08125
0 0.8703125 0.53125 0.259375 0.228125
0 0.67109375 0.38046875 0.334375 0.1796875
0 0.5 0.4625 0.121875 0.178125
0 0.60703125 0.61171875 0.3359375 0.1765625
0 0.64609375 0.94296875 0.4140625 0.1140625