0 0.16015625 0.140625 0.2953125 0.28125
0 0.2140625 0.30625 0.334375 0.1875
0 0.5046875 0.08046875 0.1796875 0.134375
0 0.628125 0.1875 0.146875 0.271875
0 0.76328125 0.13984375 0.1421875 0.2265625
0 0.8421875 0.13984375 0.140625 0.1578125
0 0.90390625 0.29296875 0.1578125 0.2140625
0 0.76796875 0.27265625 0.1703125 0.2546875
0 0.60859375 0.35859375 0.1203125 0.0828125
0 0.48671875 0.31484375 0.1734375 0.1703125
0 0.4625 0.221875 0.125 0.215625
0 0.3140625 0.74765625 0.171875 0.3546875
0 0.17578125 0.87265625 0.2359375 0.2546875
0 0.62109375 0.9171875 0.3046875 0.165625
0 0.925 0.76484375 0.15 0.1828125
0 0.77578125 0.5328125 0.134375 0.1328125
0 0.921875 0.459375 0.075 0.0703125
0 0.56015625 0.459375 0.2265625 0.11875
0 0.46484375 0.58671875 0.09375 0.103125