0 0.31640625 0.0484375 0.4203125 0.096875
0 0.45234375 0.1671875 0.2734375 0.3125
0 0.1734375 0.125 0.346875 0.25
0 0.98828125 0.08828125 0.0234375 0.0328125
0 0.83828125 0.1421875 0.0640625 0.115625
0 0.89453125 0.12890625 0.053125 0.0453125
0 0.79140625 0.05625 0.0359375 0.04375
0 0.9453125 0.01015625 0.03125 0.0203125
0 0.92734375 0.07421875 0.03125 0.0296875
0 0.89921875 0.03984375 0.0296875 0.0265625
0 0.7265625 0.14296875 0.0265625 0.025
0 0.6734375 0.0140625 0.028125 0.021875
0 0.8203125 0.0078125 0.021875 0.015625
0 0.63125 0.06015625 0.028125 0.025
0 0.603125 0.0640625 0.028125 0.021875
0 0.38203125 0.78125 0.165625 0.121875
0 0.2796875 0.56328125 0.128125 0.0546875
0 0.19375 0.946875 0.0875 0.10625
0 0.42578125 0.37421875 0.0421875 0.0296875
0 0.4875 0.41640625 0.0390625 0.0515625
0 0.38046875 0.40234375 0.0328125 0.04375
0 0.06953125 0.78359375 0.0578125 0.0390625
0 0.6765625 0.78046875 0.175 0.2265625
0 0.79140625 0.6453125 0.096875 0.325
0 0.8984375 0.64140625 0.203125 0.3984375
0 0.940625 0.64453125 0.11875 0.3109375
0 0.74921875 0.91015625 0.2359375 0.1796875
0 0.67421875 0.5 0.1703125 0.259375