0 0.09765625 0.175 0.1953125 0.35
0 0.37265625 0.175 0.3296875 0.35
0 0.603125 0.15546875 0.0875 0.3109375
0 0.775 0.1390625 0.259375 0.278125
0 0.18515625 0.371875 0.0703125 0.04375
0 0.10859375 0.48671875 0.0609375 0.071875
0 0.06796875 0.61953125 0.0625 0.0484375
0 0.11875 0.72265625 0.0328125 0.025
0 0.55078125 0.53515625 0.0171875 0.0515625
0 0.40546875 0.64296875 0.0609375 0.0390625
0 0.32890625 0.5015625 0.034375 0.0265625
0 0.23515625 0.55078125 0.03125 0.021875
0 0.3484375 0.9234375 0.23125 0.153125
0 0.071875 0.9640625 0.034375 0.0359375
0 0.10390625 0.453125 0.0375 0.0265625
0 0.21953125 0.6578125 0.03125 0.021875
0 0.40078125 0.71875 0.0265625 0.025
0 0.89921875 0.52734375 0.0734375 0.103125
0 0.96171875 0.75546875 0.0765625 0.0859375
0 0.59765625 0.55234375 0.0765625 0.2015625
0 0.6109375 0.72109375 0.103125 0.1234375
0 0.715625 0.665625 0.10625 0.090625
0 0.73828125 0.54765625 0.025 0.040625
0 0.771875 0.8984375 0.053125 0.0625
0 0.9703125 0.68828125 0.059375 0.0671875
0 0.65390625 0.95703125 0.0859375 0.0859375
0 0.95390625 0.8375 0.05625 0.0609375
0 0.72265625 0.93671875 0.0890625 0.1265625
0 0.790625 0.971875 0.06875 0.05625