0 0.13359375 0.2453125 0.2671875 0.46875
0 0.396875 0.265625 0.20625 0.428125
0 0.7609375 0.125 0.0484375 0.0515625
0 0.59921875 0.23203125 0.059375 0.0390625
0 0.52265625 0.090625 0.034375 0.0265625
0 0.78359375 0.46171875 0.028125 0.0265625
0 0.815625 0.43671875 0.0390625 0.0296875
0 0.9859375 0.446875 0.028125 0.01875
0 0.99140625 0.33828125 0.0171875 0.0328125
0 0.59453125 0.3078125 0.0265625 0.0234375
0 0.984375 0.31328125 0.03125 0.0390625
0 0.0640625 0.88046875 0.128125 0.1796875
0 0.05390625 0.6546875 0.1078125 0.2125
0 0.2453125 0.63828125 0.490625 0.3171875
0 0.7234375 0.546875 0.184375 0.134375
0 0.5390625 0.79765625 0.0625 0.0671875
0 0.80546875 0.9796875 0.0859375 0.040625
0 0.9109375 0.73671875 0.04375 0.034375