0 0.103125 0.2203125 0.20625 0.2
0 0.25 0.225 0.1625 0.209375
0 0.4109375 0.27890625 0.18125 0.1703125
0 0.46171875 0.11875 0.2171875 0.2375
0 0.5765625 0.06171875 0.146875 0.1234375
0 0.56953125 0.19375 0.1609375 0.21875
0 0.328125 0.0484375 0.134375 0.096875
0 0.21171875 0.10078125 0.2046875 0.2015625
0 0.66953125 0.328125 0.0390625 0.103125
0 0.82734375 0.346875 0.0359375 0.0515625
0 0.96640625 0.3203125 0.0421875 0.025
0 0.93984375 0.25546875 0.096875 0.040625
0 0.70078125 0.32890625 0.059375 0.040625
0 0.87890625 0.134375 0.075 0.0828125
0 0.246875 0.49921875 0.353125 0.2390625
0 0.58046875 0.53046875 0.1390625 0.3015625
0 0.5703125 0.88515625 0.159375 0.2296875
0 0.25078125 0.853125 0.3265625 0.29375
0 0.7328125 0.53828125 0.165625 0.3171875
0 0.765625 0.69375 0.23125 0.290625