0 0.0578125 0.3234375 0.115625 0.071875
0 0.24609375 0.24453125 0.2171875 0.2296875
0 0.47109375 0.2703125 0.0953125 0.178125
0 0.371875 0.2078125 0.16875 0.16875
0 0.35625 0.30546875 0.165625 0.1078125
0 0.1125 0.146875 0.134375 0.2375
0 0.04921875 0.25078125 0.0984375 0.2171875
0 0.821875 0.0375 0.19375 0.075
0 0.9296875 0.1375 0.140625 0.275
0 0.603125 0.17734375 0.16875 0.3546875
0 0.64296875 0.0734375 0.2484375 0.146875
0 0.2953125 0.67265625 0.03125 0.021875
0 0.128125 0.3796875 0.05 0.021875
0 0.8296875 0.52109375 0.175 0.2015625
0 0.67265625 0.39921875 0.1171875 0.0796875
0 0.609375 0.51171875 0.1609375 0.1703125
0 0.8703125 0.690625 0.1453125 0.121875
0 0.97109375 0.63359375 0.0578125 0.0921875
0 0.934375 0.93203125 0.0875 0.0984375
0 0.97890625 0.91171875 0.0421875 0.1390625