0 0.23203125 0.35703125 0.2765625 0.0859375
0 0.375 0.35703125 0.109375 0.0859375
0 0.39375 0.33671875 0.071875 0.1265625
0 0.3578125 0.21015625 0.14375 0.2015625
0 0.3734375 0.0625 0.1125 0.125
0 0.1640625 0.1453125 0.19375 0.20625
0 0.225 0.2671875 0.1921875 0.15625
0 0.0484375 0.1234375 0.096875 0.20625
0 0.08515625 0.01796875 0.1703125 0.0359375
0 0.24140625 0.01015625 0.1515625 0.0203125
0 0.04140625 0.3390625 0.0828125 0.121875
0 0.6390625 0.21640625 0.0625 0.0515625
0 0.48828125 0.07734375 0.1171875 0.1546875
0 0.02578125 0.759375 0.0515625 0.465625
0 0.19453125 0.7609375 0.2890625 0.421875
0 0.36875 0.80234375 0.121875 0.3109375
0 0.5671875 0.62734375 0.275 0.4546875
0 0.865625 0.615625 0.26875 0.43125