0 0.36953125 0.2546875 0.1796875 0.21875
0 0.34921875 0.03984375 0.1921875 0.0796875
0 0.38671875 0.0984375 0.1453125 0.15625
0 0.215625 0.02890625 0.134375 0.0578125
0 0.084375 0.08046875 0.16875 0.1609375
0 0.19921875 0.19921875 0.1390625 0.178125
0 0.26875 0.3296875 0.246875 0.1
0 0.09921875 0.33203125 0.1984375 0.0953125
0 0.7296875 0.18984375 0.540625 0.3796875
0 0.165625 0.834375 0.33125 0.33125
0 0.28828125 0.684375 0.1671875 0.165625
0 0.36796875 0.56484375 0.1828125 0.2671875
0 0.36875 0.865625 0.1140625 0.1375
0 0.14140625 0.52734375 0.2828125 0.1921875
0 0.7015625 0.60859375 0.3125 0.4578125