0 0.69921875 0.490625 0.2765625 0.21875
0 0.884375 0.50390625 0.1921875 0.24375
0 0.9109375 0.4125 0.1703125 0.1421875
0 0.83984375 0.27734375 0.1734375 0.2015625
0 0.875 0.10234375 0.18125 0.18125
0 0.63125 0.2125 0.1921875 0.2078125
0 0.6921875 0.334375 0.1921875 0.15625
0 0.49765625 0.19140625 0.134375 0.2078125
0 0.5421875 0.05625 0.1921875 0.096875
0 0.709375 0.05390625 0.1515625 0.0703125
0 0.31953125 0.28359375 0.2625 0.228125
0 0.48046875 0.43515625 0.1390625 0.178125
0 0.55078125 0.63203125 0.2484375 0.23125
0 0.65625 0.71171875 0.2265625 0.1421875
0 0.88828125 0.703125 0.215625 0.1828125
0 0.83671875 0.8265625 0.2125 0.1640625
0 0.9109375 0.92421875 0.1703125 0.146875
0 0.73671875 0.93515625 0.18125 0.1234375
0 0.60546875 0.8296875 0.2265625 0.1015625
0 0.5671875 0.9078125 0.21875 0.1234375
0 0.30390625 0.90859375 0.3390625 0.178125
0 0.353125 0.6 0.2546875 0.159375
0 0.28125 0.73203125 0.2765625 0.228125
0 0.15625 0.64765625 0.24375 0.1421875
0 0.15625 0.3296875 0.228125 0.1734375