0 0.09375 0.31953125 0.1875 0.3484375
0 0.20390625 0.12109375 0.2046875 0.2421875
0 0.275 0.340625 0.1875 0.31875
0 0.7125 0.2984375 0.3375 0.35625
0 0.49140625 0.39765625 0.2359375 0.2046875
0 0.9359375 0.39375 0.128125 0.2125
0 0.2328125 0.57109375 0.134375 0.1421875
0 0.3125 0.521875 0.03125 0.01875
0 0.3484375 0.5796875 0.025 0.028125
0 0.17578125 0.9328125 0.034375 0.0203125
0 0.3296875 0.9890625 0.021875 0.021875
0 0.35546875 0.834375 0.021875 0.0203125
0 0.18125 0.871875 0.025 0.0203125
0 0.0265625 0.63359375 0.025 0.0125
0 0.06875 0.65390625 0.0171875 0.021875
0 0.04921875 0.65546875 0.0171875 0.0171875
0 0.025 0.68203125 0.0171875 0.0265625
0 0.66796875 0.80390625 0.5484375 0.3921875