0 0.0625 0.6625 0.125 0.29375
0 0.14140625 0.45703125 0.2046875 0.3125
0 0.31875 0.3953125 0.2 0.3875
0 0.26875 0.68046875 0.3 0.2578125
0 0.209375 0.1609375 0.41875 0.321875
0 0.55078125 0.221875 0.1390625 0.33125
0 0.7125 0.2453125 0.15 0.3390625
0 0.878125 0.23984375 0.11875 0.365625
0 0.97734375 0.25078125 0.0453125 0.2296875
0 0.9578125 0.61015625 0.084375 0.3421875
0 0.809375 0.565625 0.15 0.3
0 0.6546875 0.61328125 0.1453125 0.3328125
0 0.4921875 0.6390625 0.11875 0.2625
0 0.18828125 0.9046875 0.3765625 0.190625
0 0.34765625 0.95859375 0.1421875 0.0828125
0 0.75390625 0.9046875 0.4921875 0.190625
0 0.74765625 0.9046875 0.5046875 0.190625
0 0.63359375 0.9046875 0.4296875 0.190625