0 0.18984375 0.51484375 0.2734375 0.2421875
0 0.4421875 0.51015625 0.234375 0.3578125
0 0.25703125 0.215625 0.15625 0.284375
0 0.41875 0.75625 0.28125 0.20625
0 0.76484375 0.55625 0.1046875 0.121875
0 0.6421875 0.36640625 0.165625 0.1609375
0 0.75625 0.29609375 0.0875 0.040625
0 0.771875 0.20234375 0.040625 0.021875
0 0.80078125 0.16875 0.021875 0.0296875
0 0.69765625 0.1671875 0.021875 0.0203125
0 0.2796875 0.9296875 0.559375 0.140625
0 0.64921875 0.96640625 0.1796875 0.0671875
0 0.6421875 0.89765625 0.165625 0.0765625
0 0.76484375 0.9296875 0.2203125 0.140625
0 0.90078125 0.9296875 0.1359375 0.140625