0 0.075 0.453125 0.15 0.09375
0 0.3609375 0.42265625 0.425 0.1546875
0 0.08046875 0.2296875 0.15625 0.284375
0 0.48515625 0.3140625 0.2671875 0.30625
0 0.5640625 0.13515625 0.109375 0.2703125
0 0.7046875 0.20625 0.171875 0.1625
0 0.78203125 0.16640625 0.0359375 0.0234375
0 0.678125 0.01796875 0.028125 0.021875
0 0.7328125 0.0234375 0.025 0.0171875
0 0.678125 0.40546875 0.0265625 0.0171875
0 0.753125 0.371875 0.03125 0.0171875
0 0.709375 0.10234375 0.09375 0.03125
0 0.978125 0.1390625 0.04375 0.025
0 0.140625 0.66640625 0.28125 0.3328125
0 0.45234375 0.6546875 0.2890625 0.309375
0 0.809375 0.75625 0.38125 0.4875