0 0.15234375 0.04296875 0.2109375 0.0859375
0 0.37734375 0.13828125 0.2640625 0.2765625
0 0.19453125 0.26171875 0.3890625 0.0953125
0 0.70234375 0.121875 0.0703125 0.040625
0 0.52109375 0.07421875 0.0234375 0.0390625
0 0.9671875 0.23984375 0.065625 0.1390625
0 0.54609375 0.28984375 0.0734375 0.0390625
0 0.99375 0.10546875 0.0125 0.0171875
0 0.79375 0.07421875 0.071875 0.04375
0 0.45703125 0.46640625 0.0484375 0.0390625
0 0.2484375 0.3875 0.059375 0.0375
0 0.16171875 0.640625 0.0703125 0.040625
0 0.4515625 0.771875 0.115625 0.165625
0 0.02109375 0.82265625 0.0421875 0.0671875
0 0.4765625 0.38359375 0.065625 0.0453125
0 0.29375 0.45078125 0.0453125 0.0265625
0 0.471875 0.625 0.0484375 0.0171875
0 0.253125 0.59296875 0.071875 0.04375
0 0.2296875 0.45234375 0.0453125 0.0265625
0 0.77578125 0.45625 0.353125 0.2375
0 0.821875 0.653125 0.184375 0.184375
0 0.93359375 0.72109375 0.1328125 0.2578125
0 0.61953125 0.6578125 0.209375 0.221875
0 0.79375 0.8203125 0.2984375 0.2625
0 0.928125 0.91171875 0.14375 0.1609375