0 0.16328125 0.096875 0.3265625 0.19375
0 0.2609375 0.20859375 0.1375 0.2703125
0 0.178125 0.30234375 0.2796875 0.2046875
0 0.18828125 0.43515625 0.2828125 0.1890625
0 0.0609375 0.33046875 0.121875 0.3984375
0 0.9390625 0.18828125 0.121875 0.0859375
0 0.50390625 0.04296875 0.1734375 0.0859375
0 0.5453125 0.1546875 0.1453125 0.1234375
0 0.6703125 0.0984375 0.10625 0.090625
0 0.7265625 0.33125 0.053125 0.0625
0 0.93984375 0.12109375 0.0890625 0.0671875
0 0.6734375 0.5140625 0.084375 0.03125
0 0.609375 0.39609375 0.0875 0.0984375
0 0.90859375 0.2703125 0.05625 0.0609375
0 0.67734375 0.37578125 0.0890625 0.1390625
0 0.74609375 0.41328125 0.0703125 0.071875
0 0.14140625 0.78203125 0.2640625 0.2296875
0 0.175 0.95078125 0.309375 0.0984375
0 0.2734375 0.78828125 0.1125 0.1046875
0 0.22265625 0.88203125 0.2140625 0.1296875
0 0.125 0.60078125 0.25 0.1421875
0 0.04140625 0.696875 0.0828125 0.1875
0 0.64140625 0.83125 0.5546875 0.3375
0 0.40234375 0.77578125 0.1453125 0.4484375
0 0.76171875 0.64375 0.2984375 0.228125
0 0.49296875 0.6109375 0.2671875 0.1625
0 0.93984375 0.64765625 0.1203125 0.1015625