0 0.1640625 0.28671875 0.328125 0.1859375
0 0.8140625 0.18984375 0.371875 0.3796875
0 0.425 0.059375 0.03125 0.053125
0 0.7765625 0.015625 0.040625 0.03125
0 0.5359375 0.203125 0.0390625 0.0625
0 0.053125 0.4484375 0.096875 0.0453125
0 0.06484375 0.8984375 0.075 0.0828125
0 0.6234375 0.41015625 0.2 0.0609375
0 0.86171875 0.41171875 0.2046875 0.0640625
0 0.8671875 0.61875 0.196875 0.2671875
0 0.86484375 0.9015625 0.1953125 0.196875
0 0.62578125 0.9109375 0.1984375 0.178125
0 0.62890625 0.6296875 0.1953125 0.2671875
0 0.45 0.62890625 0.08125 0.2671875
0 0.44609375 0.909375 0.0734375 0.18125