0 0.07890625 0.07578125 0.1578125 0.1515625
0 0.10859375 0.18125 0.2171875 0.259375
0 0.2859375 0.4109375 0.315625 0.26875
0 0.45859375 0.16953125 0.2984375 0.3390625
0 0.4953125 0.56015625 0.221875 0.0796875
0 0.08828125 0.4609375 0.1640625 0.2703125
0 0.60859375 0.48984375 0.1828125 0.2203125
0 0.64609375 0.20703125 0.1078125 0.3859375
0 0.85625 0.40859375 0.1734375 0.1640625
0 0.93359375 0.36796875 0.0359375 0.0234375
0 0.71171875 0.23125 0.0234375 0.01875
0 0.7375 0.38203125 0.0484375 0.0296875
0 0.9046875 0.5734375 0.03125 0.0171875
0 0.8609375 0.30390625 0.09375 0.03125
0 0.3765625 0.7703125 0.190625 0.1125
0 0.41484375 0.65859375 0.1015625 0.0625
0 0.09765625 0.7765625 0.0359375 0.0359375
0 0.04140625 0.85625 0.065625 0.034375
0 0.5109375 0.890625 0.2953125 0.1390625
0 0.66015625 0.734375 0.075 0.0390625
0 0.52890625 0.759375 0.0453125 0.028125
0 0.28046875 0.6609375 0.04375 0.0265625
0 0.3671875 0.61484375 0.053125 0.0296875
0 0.34296875 0.96015625 0.0578125 0.0125
0 0.5578125 0.8171875 0.059375 0.034375
0 0.6796875 0.82734375 0.040625 0.025
0 0.609375 0.85859375 0.0703125 0.040625
0 0.628125 0.7765625 0.065625 0.0234375
0 0.91484375 0.7984375 0.1703125 0.3125
0 0.784375 0.7125 0.109375 0.096875
0 0.8828125 0.64921875 0.128125 0.0796875