0 0.1453125 0.22734375 0.290625 0.2703125
0 0.24375 0.078125 0.171875 0.15625
0 0.675 0.08359375 0.271875 0.1671875
0 0.93203125 0.06640625 0.1359375 0.1328125
0 0.83515625 0.19453125 0.3296875 0.3890625
0 0.57421875 0.31484375 0.2953125 0.1484375
0 0.50625 0.2296875 0.353125 0.31875
0 0.1984375 0.50078125 0.175 0.2015625
0 0.05 0.40390625 0.1 0.0296875
0 0.02890625 0.49140625 0.0578125 0.1703125
0 0.2390625 0.6703125 0.14375 0.121875
0 0.29453125 0.91171875 0.0703125 0.0984375
0 0.646875 0.59921875 0.1921875 0.1796875
0 0.84140625 0.640625 0.196875 0.1734375
0 0.70390625 0.9234375 0.2234375 0.153125
0 0.88125 0.8203125 0.225 0.16875
0 0.58515625 0.77578125 0.196875 0.1453125
0 0.4703125 0.9265625 0.2125 0.146875