0 0.06953125 0.2359375 0.1390625 0.471875
0 0.30859375 0.2078125 0.2953125 0.415625
0 0.51015625 0.4 0.3578125 0.259375
0 0.60859375 0.16171875 0.1609375 0.3234375
0 0.84453125 0.1125 0.3109375 0.18125
0 0.71796875 0.1953125 0.0578125 0.178125
0 0.825 0.39296875 0.271875 0.2734375
0 0.50234375 0.66875 0.1796875 0.2
0 0.44375 0.85859375 0.0578125 0.0703125
0 0.5734375 0.91953125 0.0390625 0.0390625
0 0.67265625 0.56953125 0.0328125 0.0359375
0 0.61171875 0.63125 0.0515625 0.034375
0 0.6296875 0.5640625 0.0359375 0.028125
0 0.1609375 0.75234375 0.0296875 0.025
0 0.3390625 0.97890625 0.0234375 0.021875
0 0.578125 0.85625 0.025 0.0296875
0 0.053125 0.84765625 0.0296875 0.025
0 0.66328125 0.63125 0.021875 0.028125
0 0.81015625 0.70390625 0.1890625 0.165625
0 0.71484375 0.84609375 0.0515625 0.1328125
0 0.71640625 0.9671875 0.0546875 0.065625
0 0.97421875 0.86015625 0.0515625 0.05625