0 0.2609375 0.13984375 0.353125 0.2796875
0 0.26484375 0.553125 0.3265625 0.371875
0 0.72890625 0.3078125 0.3390625 0.459375
0 0.94921875 0.18984375 0.1015625 0.2390625
0 0.875 0.3828125 0.25 0.2375
0 0.72578125 0.58828125 0.2421875 0.3015625
0 0.890625 0.55859375 0.21875 0.3109375
0 0.46484375 0.9125 0.1890625 0.13125
0 0.528125 0.9765625 0.0625 0.046875
0 0.48125 0.79765625 0.15625 0.1171875
0 0.28046875 0.78359375 0.1703125 0.0890625
0 0.0796875 0.76953125 0.159375 0.0609375
0 0.10078125 0.88984375 0.2015625 0.1609375
0 0.23828125 0.9515625 0.4578125 0.096875
0 0.2890625 0.86875 0.1859375 0.0984375
0 0.72890625 0.93203125 0.2703125 0.1359375
0 0.66484375 0.80234375 0.2109375 0.1265625
0 0.8953125 0.934375 0.209375 0.13125