0 0.13046875 0.0796875 0.2609375 0.159375
0 0.12578125 0.43828125 0.2515625 0.3828125
0 0.721875 0.31484375 0.55625 0.6296875
0 0.03359375 0.6890625 0.0671875 0.08125
0 0.11484375 0.78984375 0.1390625 0.0828125
0 0.23984375 0.8078125 0.0578125 0.065625
0 0.240625 0.7234375 0.075 0.0625
0 0.2984375 0.77890625 0.0625 0.0765625
0 0.22578125 0.6421875 0.0734375 0.025
0 0.22421875 0.96015625 0.1046875 0.0796875
0 0.3625 0.87109375 0.065625 0.053125
0 0.00625 0.95625 0.0125 0.03125
0 0.0703125 0.9484375 0.1015625 0.0453125
0 0.24609375 0.915625 0.1421875 0.0609375
0 0.1625 0.8703125 0.0765625 0.0359375
0 0.57265625 0.71953125 0.3046875 0.1796875
0 0.7765625 0.76015625 0.1625 0.1203125
0 0.45 0.8953125 0.1 0.209375