0 0.23984375 0.084375 0.3078125 0.16875
0 0.13046875 0.28984375 0.2609375 0.3296875
0 0.2203125 0.49921875 0.375 0.2390625
0 0.33203125 0.17578125 0.2140625 0.2484375
0 0.33515625 0.3609375 0.2078125 0.459375
0 0.490625 0.046875 0.065625 0.09375
0 0.67890625 0.26171875 0.1953125 0.2015625
0 0.62578125 0.45234375 0.0578125 0.0703125
0 0.53671875 0.3203125 0.0453125 0.0484375
0 0.75546875 0.5140625 0.0390625 0.0375
0 0.8578125 0.16328125 0.034375 0.0359375
0 0.79453125 0.2234375 0.0515625 0.034375
0 0.5578125 0.3046875 0.04375 0.0484375
0 0.54921875 0.0234375 0.053125 0.0453125
0 0.80390625 0.01875 0.034375 0.034375
0 0.81328125 0.15703125 0.0359375 0.03125
0 0.89296875 0.1375 0.0265625 0.025
0 0.52109375 0.57265625 0.025 0.021875
0 0.99375 0.09453125 0.0125 0.0203125
0 0.92421875 0.13515625 0.025 0.0171875
0 0.76171875 0.45 0.025 0.0296875
0 0.90234375 0.46484375 0.0296875 0.0265625
0 0.51875 0.496875 0.0390625 0.034375
0 0.5859375 0.60625 0.0296875 0.021875
0 0.846875 0.22421875 0.021875 0.0296875
0 0.38984375 0.77578125 0.0984375 0.3140625
0 0.36796875 0.6578125 0.1390625 0.078125
0 0.15234375 0.91796875 0.2453125 0.1640625
0 0.25625 0.740625 0.15625 0.24375
0 0.0875 0.73515625 0.175 0.2328125
0 0.71953125 0.809375 0.5609375 0.38125