0 0.26640625 0.0890625 0.3078125 0.178125
0 0.15 0.2671875 0.275 0.265625
0 0.3875 0.1859375 0.271875 0.246875
0 0.40078125 0.2703125 0.2859375 0.259375
0 0.53046875 0.19921875 0.1390625 0.3984375
0 0.8640625 0.31796875 0.221875 0.1640625
0 0.9203125 0.10859375 0.159375 0.2171875
0 0.7546875 0.19296875 0.2375 0.3859375
0 0.703125 0.2609375 0.20625 0.278125
0 0.5828125 0.94609375 0.034375 0.0765625
0 0.40546875 0.89140625 0.2859375 0.2171875
0 0.271875 0.765625 0.075 0.06875
0 0.1703125 0.8828125 0.046875 0.053125
0 0.09765625 0.85390625 0.03125 0.040625
0 0.14140625 0.51328125 0.0640625 0.0640625
0 0.46953125 0.5171875 0.0875 0.0921875
0 0.15546875 0.6140625 0.065625 0.065625
0 0.2109375 0.553125 0.040625 0.0359375
0 0.059375 0.68203125 0.0390625 0.04375
0 0.065625 0.5703125 0.03125 0.0359375
0 0.378125 0.515625 0.0265625 0.0484375
0 0.175 0.6796875 0.0203125 0.025
0 0.45234375 0.771875 0.096875 0.0359375
0 0.0078125 0.7671875 0.015625 0.03125
0 0.2578125 0.4453125 0.0390625 0.0265625
0 0.94453125 0.465625 0.1015625 0.109375
0 0.8421875 0.48984375 0.0984375 0.09375
0 0.77734375 0.740625 0.0671875 0.065625
0 0.6171875 0.75546875 0.034375 0.0296875
0 0.82109375 0.86484375 0.0640625 0.0640625
0 0.95625 0.9046875 0.05625 0.0609375
0 0.96953125 0.8234375 0.0609375 0.059375
0 0.88203125 0.8578125 0.0484375 0.0296875
0 0.88828125 0.646875 0.065625 0.040625