0 0.0609375 0.1890625 0.121875 0.3375
0 0.04609375 0.50234375 0.0921875 0.3328125
0 0.16015625 0.4984375 0.1765625 0.340625
0 0.2859375 0.26796875 0.28125 0.228125
0 0.45546875 0.2140625 0.196875 0.31875
0 0.34453125 0.51875 0.2921875 0.3
0 0.3265625 0.61484375 0.190625 0.1078125
0 0.5328125 0.51015625 0.071875 0.3171875
0 0.1390625 0.03125 0.209375 0.0625
0 0.19375 0.15625 0.19375 0.253125
0 0.9125 0.0375 0.175 0.075
0 0.82890625 0.2328125 0.3109375 0.3375
0 0.93515625 0.628125 0.1234375 0.08125
0 0.94375 0.271875 0.1125 0.290625
0 0.83046875 0.50625 0.2890625 0.325
0 0.19609375 0.84921875 0.3921875 0.3015625
0 0.41796875 0.7015625 0.0671875 0.0375
0 0.8140625 0.765625 0.146875 0.19375
0 0.9390625 0.7296875 0.121875 0.121875
0 0.921875 0.946875 0.15625 0.10625
0 0.934375 0.81328125 0.13125 0.2578125
0 0.79453125 0.928125 0.1203125 0.14375
0 0.6734375 0.8765625 0.1734375 0.2140625
0 0.63984375 0.76875 0.1421875 0.2
0 0.5921875 0.934375 0.046875 0.13125