0 0.10390625 0.2140625 0.2078125 0.3375
0 0.0890625 0.50546875 0.178125 0.2890625
0 0.24609375 0.5015625 0.1765625 0.296875
0 0.371875 0.29296875 0.28125 0.228125
0 0.48046875 0.23828125 0.0765625 0.3203125
0 0.4015625 0.521875 0.234375 0.25625
0 0.4125 0.61796875 0.190625 0.0640625
0 0.225 0.04375 0.209375 0.0875
0 0.2796875 0.18125 0.19375 0.253125
0 0.74609375 0.153125 0.3359375 0.26875
0 0.9265625 0.22265625 0.146875 0.3890625
0 0.75078125 0.40078125 0.4640625 0.2890625
0 0.40703125 0.8578125 0.2234375 0.190625
0 0.11796875 0.67578125 0.040625 0.0359375
0 0.11015625 0.871875 0.0453125 0.034375
0 0.759375 0.825 0.48125 0.35