0 0.46953125 0.209375 0.2390625 0.41875
0 0.79453125 0.209375 0.4109375 0.41875
0 0.840625 0.321875 0.13125 0.19375
0 0.1015625 0.4875 0.203125 0.1375
0 0.340625 0.46875 0.38125 0.1
0 0.50546875 0.55625 0.1671875 0.25
0 0.478125 0.93203125 0.221875 0.1359375
0 0.47421875 0.7765625 0.2296875 0.228125
0 0.28984375 0.62578125 0.334375 0.1796875
0 0.08984375 0.7078125 0.1796875 0.178125
0 0.196875 0.884375 0.39375 0.23125
0 0.7828125 0.85546875 0.23125 0.2046875
0 0.840625 0.9375 0.253125 0.125
0 0.9484375 0.80625 0.103125 0.240625
0 0.9609375 0.5859375 0.078125 0.25625
0 0.91171875 0.49375 0.1765625 0.15
0 0.8671875 0.43828125 0.11875 0.0390625
0 0.7796875 0.4796875 0.1125 0.121875
0 0.6109375 0.484375 0.04375 0.13125
0 0.63203125 0.55859375 0.0859375 0.1609375
0 0.6515625 0.79140625 0.125 0.2578125
0 0.79375 0.61875 0.2078125 0.2015625
0 0.8171875 0.725 0.2390625 0.2125