0 0.2046875 0.040625 0.409375 0.08125
0 0.7328125 0.31875 0.2875 0.1
0 0.878125 0.01640625 0.134375 0.0328125
0 0.5578125 0.49453125 0.0625 0.1078125
0 0.475 0.51953125 0.0984375 0.09375
0 0.41015625 0.7703125 0.0671875 0.065625
0 0.2453125 0.7859375 0.0453125 0.0296875
0 0.16015625 0.62734375 0.065625 0.0453125
0 0.14453125 0.95 0.053125 0.05625
0 0.45390625 0.89453125 0.065625 0.065625
0 0.575 0.93359375 0.028125 0.0609375
0 0.58046875 0.853125 0.0171875 0.059375
0 0.51484375 0.8875 0.0484375 0.0296875
0 0.07734375 0.40625 0.0453125 0.0265625
0 0.52109375 0.6765625 0.065625 0.040625
0 0.72734375 0.525 0.2765625 0.290625
0 0.64921875 0.759375 0.1203125 0.246875
0 0.73515625 0.82421875 0.2546875 0.3515625
0 0.909375 0.8578125 0.146875 0.284375
0 0.92109375 0.5 0.1578125 0.2625
0 0.97265625 0.7484375 0.0546875 0.271875
0 0.95703125 0.57109375 0.0859375 0.2703125