0 0.453125 0.28515625 0.19375 0.2796875
0 0.253125 0.240625 0.19375 0.34375
0 0.17578125 0.2734375 0.103125 0.190625
0 0.375 0.08203125 0.2625 0.1640625
0 0.446875 0.2046875 0.18125 0.1625
0 0.45625 0.4328125 0.16875 0.1125
0 0.19921875 0.43515625 0.2296875 0.1078125
0 0.04375 0.15078125 0.0875 0.2765625
0 0.12890625 0.10078125 0.1421875 0.2015625
0 0.06875 0.034375 0.1375 0.06875
0 0.715625 0.39296875 0.33125 0.1921875
0 0.759375 0.165625 0.034375 0.028125
0 0.209375 0.540625 0.190625 0.103125
0 0.29140625 0.609375 0.1015625 0.08125
0 0.3421875 0.734375 0.128125 0.1125
0 0.4828125 0.7453125 0.134375 0.128125
0 0.53046875 0.81171875 0.0390625 0.1765625
0 0.44296875 0.85234375 0.2140625 0.1796875
0 0.48046875 0.95625 0.1390625 0.0875
0 0.240625 0.9515625 0.30625 0.096875
0 0.453125 0.50546875 0.18125 0.0328125
0 0.396875 0.53671875 0.121875 0.0953125
0 0.490625 0.5578125 0.11875 0.1375
0 0.10546875 0.628125 0.2109375 0.221875
0 0.0625 0.51015625 0.125 0.0421875
0 0.0671875 0.86796875 0.134375 0.1078125
0 0.28046875 0.8171875 0.1234375 0.11875
0 0.11953125 0.7609375 0.2125 0.1375
0 0.665625 0.7375 0.23125 0.428125
0 0.80703125 0.5265625 0.0671875 0.0375
0 0.98828125 0.8921875 0.0234375 0.053125
0 0.8796875 0.834375 0.075 0.025