0 0.3078125 0.240625 0.2765625 0.228125
0 0.6515625 0.103125 0.2625 0.15625
0 0.81953125 0.4109375 0.3125 0.4765625
0 0.56640625 0.3234375 0.3578125 0.284375
0 0.6 0.6859375 0.3765625 0.2796875
0 0.3078125 0.640625 0.1953125 0.34375
0 0.23046875 0.6734375 0.103125 0.190625
0 0.43046875 0.44140625 0.2625 0.2484375
0 0.5015625 0.6046875 0.18125 0.1640625
0 0.8390625 0.1828125 0.209375 0.1375
0 0.89453125 0.75859375 0.190625 0.1375
0 0.7046875 0.86171875 0.290625 0.2703125
0 0.51171875 0.88671875 0.16875 0.21875
0 0.2546875 0.88203125 0.23125 0.2
0 0.07421875 0.5515625 0.1375 0.2765625
0 0.18359375 0.5 0.1421875 0.2046875
0 0.1234375 0.365625 0.1390625 0.2078125
0 0.08203125 0.21015625 0.1375 0.15