0 0.3203125 0.14609375 0.159375 0.2921875
0 0.16171875 0.05390625 0.3234375 0.1078125
0 0.1828125 0.29921875 0.365625 0.2203125
0 0.06953125 0.10390625 0.1390625 0.2078125
0 0.084375 0.24765625 0.16875 0.1640625
0 0.484375 0.00625 0.03125 0.0125
0 0.66953125 0.03828125 0.071875 0.0359375
0 0.5 0.19765625 0.090625 0.053125
0 0.7625 0.0046875 0.071875 0.009375
0 0.9515625 0.15703125 0.096875 0.1453125
0 0.71484375 0.39453125 0.0421875 0.0296875
0 0.76484375 0.2546875 0.0484375 0.03125
0 0.6125 0.1859375 0.0203125 0.0265625
0 0.08046875 0.515625 0.1609375 0.2125
0 0.1640625 0.8921875 0.328125 0.215625
0 0.34453125 0.746875 0.1109375 0.21875
0 0.2859375 0.5984375 0.228125 0.378125
0 0.17109375 0.67890625 0.3421875 0.3109375
0 0.75625 0.81640625 0.346875 0.2359375
0 0.4265625 0.86640625 0.03125 0.021875
0 0.80625 0.5671875 0.034375 0.028125
0 0.9 0.96875 0.028125 0.01875