0 0.1484375 0.06640625 0.209375 0.1328125
0 0.20234375 0.1875 0.2171875 0.334375
0 0.08125 0.21953125 0.1625 0.4390625
0 0.07265625 0.57734375 0.1453125 0.3046875
0 0.27734375 0.53125 0.3640625 0.396875
0 0.2484375 0.321875 0.2125 0.2515625
0 0.61640625 0.0640625 0.2328125 0.128125
0 0.57421875 0.28515625 0.1484375 0.3359375
0 0.60078125 0.68515625 0.1234375 0.0890625
0 0.75859375 0.59921875 0.2703125 0.2609375
0 0.8203125 0.17109375 0.359375 0.3421875
0 0.67734375 0.325 0.246875 0.290625
0 0.5703125 0.56328125 0.140625 0.3328125
0 0.91015625 0.6015625 0.1796875 0.25625
0 0.396875 0.86484375 0.20625 0.2703125
0 0.07890625 0.86484375 0.1578125 0.2703125
0 0.24140625 0.87734375 0.1890625 0.2453125
0 0.40546875 0.7703125 0.1890625 0.08125
0 0.9515625 0.75078125 0.096875 0.0421875
0 0.6046875 0.86953125 0.209375 0.2546875