0 0.709375 0.19453125 0.2 0.3890625
0 0.1890625 0.05390625 0.19375 0.1078125
0 0.134375 0.25859375 0.26875 0.3296875
0 0.4015625 0.221875 0.3625 0.440625
0 0.37109375 0.0578125 0.2109375 0.115625
0 0.846875 0.0421875 0.071875 0.0375
0 0.8484375 0.1484375 0.078125 0.096875
0 0.815625 0.43671875 0.0125 0.0328125
0 0.846875 0.40625 0.05625 0.0453125
0 0.89296875 0.4484375 0.040625 0.0296875
0 0.9265625 0.4234375 0.0359375 0.053125
0 0.2796875 0.684375 0.559375 0.428125
0 0.58515625 0.48046875 0.0671875 0.0234375
0 0.78203125 0.8390625 0.0546875 0.053125
0 0.6578125 0.78125 0.075 0.025
0 0.41796875 0.971875 0.0796875 0.03125
0 0.6375 0.9921875 0.071875 0.015625
0 0.8515625 0.54296875 0.084375 0.1421875
0 0.90625 0.49375 0.03125 0.01875
0 0.98828125 0.4875 0.0234375 0.021875
0 0.9421875 0.5515625 0.025 0.0265625
0 0.828125 0.99140625 0.03125 0.0140625
0 0.92421875 0.9625 0.021875 0.025
0 0.94921875 0.80625 0.021875 0.0203125